8.288704e-01 2.153404e-01
4.581849e-01 1.393255e-01
2.254813e-01 4.719280e-02
1.462140e-01 3.691040e-02
1.481565e-01 1.068956e-01
1.053705e-01 7.224757e-02
4.844274e-02 4.847412e-02
7.203265e-02 4.103137e-02
6.551447e-02 3.756060e-02
4.546776e-02 2.841137e-02
2.078499e-02 9.593013e-03
4.146125e-02 2.136193e-02
2.186191e-02 1.995861e-02
2.421012e-02 1.946018e-02
2.985124e-02 1.897349e-02
1.154779e-02 1.495598e-02
2.220181e-02 1.494478e-02
6.869053e-03 2.409554e-03
1.691694e-02 1.206418e-02
4.530576e-03 2.858307e-03
7.641116e-03 1.075588e-02
7.316708e-03 8.613396e-03
9.567998e-03 7.697559e-03
7.322668e-03 1.182460e-02
1.058827e-02 1.390823e-02
7.314072e-03 1.576747e-02
3.148115e-03 9.872013e-03
7.679922e-03 1.005590e-02
1.071548e-02 9.987552e-03
3.495673e-03 1.749751e-02
1.014388e-02 1.138662e-02
4.595674e-03 9.972563e-03
7.897954e-03 1.156809e-02
8.704465e-03 1.409585e-02
8.067919e-03 1.697081e-02
1.178641e-02 1.122651e-03
7.400534e-04 1.979194e-02
1.323277e-02 5.009119e-03
5.999920e-03 1.152334e-02
1.188417e-02 7.801690e-03
6.428553e-03 8.854069e-03
7.935162e-03 2.183847e-02
1.014630e-02 8.638184e-03
1.007556e-02 2.115660e-02
1.744497e-02 4.788923e-03
3.412108e-03 1.539851e-02
1.394601e-02 7.767998e-03
1.120563e-03 7.707808e-03
8.804777e-03 1.136538e-02
5.873687e-03 3.791630e-03
1.074741e-02 1.793134e-02
3.642599e-03 1.721640e-02
1.031845e-02 1.924495e-02
1.410497e-02 1.054808e-02
2.933453e-03 1.194962e-02
1.120608e-02 8.153674e-03
2.094268e-03 5.097437e-03
9.145883e-03 1.219532e-02
5.554742e-03 9.899323e-03
1.094724e-02 1.159696e-02
7.506901e-03 1.750171e-02
3.482270e-03 5.578296e-03
1.361769e-02 1.340213e-02
4.029190e-03 5.593961e-03
8.333920e-03 1.329740e-02
3.296461e-03 6.929493e-03
9.671412e-03 8.376359e-03
2.494468e-03 7.167600e-03
1.145240e-02 6.311752e-03
9.902386e-03 1.071851e-02
4.874619e-03 6.916004e-03
1.314165e-02 1.016769e-02
4.576137e-03 1.034713e-02
1.283256e-02 1.334947e-02
6.469075e-03 8.374356e-03
1.068102e-02 8.466955e-03
1.346792e-03 7.491790e-03
4.077104e-03 9.597610e-03
1.076884e-02 3.245892e-03
7.220450e-03 1.084920e-02
1.432584e-02 4.008484e-03
4.949135e-03 1.596481e-02
1.200314e-02 1.046397e-02
5.019195e-03 1.525117e-02
8.156373e-03 1.748369e-02
1.014629e-02 1.300043e-02
4.664414e-03 9.050268e-03
1.146706e-02 6.406915e-03
1.109433e-02 9.024165e-03
8.607241e-03 7.918235e-03
6.099998e-03 2.137014e-02
1.016728e-02 1.580700e-02
3.706405e-03 1.754511e-02
6.234075e-03 1.273354e-02
8.999631e-03 1.671412e-02
8.277581e-03 3.992629e-03
9.668426e-03 1.583675e-02
1.192133e-02 7.855895e-03
4.469699e-03 9.222710e-03
6.285760e-03 1.695470e-02
8.927334e-03 1.377443e-02
1.030765e-02 1.121019e-02
3.308934e-03 8.144437e-03
1.174448e-02 1.361645e-02
7.680654e-03 1.862011e-02
7.787666e-03 1.737200e-02
6.085093e-03 1.371542e-02
5.829595e-03 1.161878e-02
6.676283e-03 1.431087e-02
6.783926e-03 9.237912e-03
7.980729e-03 6.586816e-03
9.882720e-03 1.323616e-02
1.169015e-02 9.531158e-03
4.402534e-03 1.906968e-02
7.254138e-03 1.331781e-02
7.277067e-03 1.640618e-02
7.806414e-03 1.107695e-02
7.888712e-03 1.250761e-02
7.490733e-03 9.311693e-03
8.333642e-03 1.101729e-02
4.982944e-03 9.754740e-03
1.213458e-02 3.403822e-03
3.379076e-03 1.527030e-02
5.081267e-03 5.454329e-03
5.585623e-03 1.416143e-02
5.829379e-03 1.076034e-02
5.359173e-03 1.231466e-02
5.080855e-03 8.813482e-03
1.088363e-02 9.916606e-03
7.944990e-03 9.753437e-03
6.851350e-03 3.339887e-03
4.560903e-03 7.383783e-03
3.609126e-03 3.592930e-03
5.071174e-03 1.436375e-02
7.037605e-03 6.905450e-03
7.012611e-03 1.652791e-02
7.438714e-03 5.344690e-03
1.126335e-02 1.106169e-02
3.208560e-03 7.621648e-03
3.494132e-03 5.335696e-03
6.104987e-03 3.638921e-03
3.650712e-03 8.034020e-03
3.000789e-03 1.109624e-02
6.560862e-03 4.718191e-03
8.922603e-03 1.322176e-02
5.581494e-03 1.162032e-03
1.004890e-02 7.868806e-03
4.631483e-03 6.678426e-03
2.754646e-03 5.759946e-03
3.991689e-03 3.263592e-03
4.483738e-03 7.377312e-03
1.943024e-03 7.162692e-03
9.955276e-03 3.694007e-03
1.086252e-02 5.611146e-03
8.523160e-03 2.334847e-03
9.252933e-03 7.536152e-03
6.103794e-03 3.812869e-03
2.850193e-03 5.818744e-03
1.518788e-03 3.788351e-03
5.185936e-03 4.614600e-03
6.070556e-03 7.919405e-03
4.524468e-03 6.248296e-03
7.779590e-03 4.434290e-03
4.857208e-03 3.437856e-03
4.477532e-03 1.685211e-03
4.459597e-03 4.994040e-03
5.618292e-03 4.300114e-03
3.383266e-03 2.327295e-03
9.269116e-03 5.933730e-03
5.737508e-03 2.536698e-03
5.824835e-03 7.622950e-03
7.457017e-03 4.469734e-03
6.863603e-03 3.960793e-03
7.056037e-03 4.391977e-04
7.908621e-03 8.435759e-03
7.360761e-03 5.167987e-03
1.350772e-03 3.284069e-03
5.553456e-03 7.088621e-03
3.728850e-03 1.021540e-02
3.350341e-03 3.642873e-03
9.226130e-03 7.315482e-04
7.111702e-03 1.344045e-02
7.608866e-03 3.777757e-03
3.764653e-03 7.495457e-03
1.260224e-02 1.358613e-03
4.411959e-03 9.395183e-03
6.995050e-03 3.467569e-03
1.107132e-02 4.518601e-03
7.182858e-03 1.050153e-02
7.978874e-03 6.881412e-03
5.468780e-03 1.298481e-02
9.501083e-03 7.067677e-03
7.045944e-03 1.064095e-02
1.098900e-02 8.100545e-03
4.155241e-03 1.375659e-02
5.250491e-03 4.751181e-03
9.750056e-03 7.878084e-03
4.529560e-03 1.144602e-02
1.095225e-02 6.249307e-03
3.081906e-03 1.430019e-02
1.042960e-02 1.550140e-02
7.078334e-03 1.384802e-02
9.346403e-03 1.119804e-02
6.873987e-03 1.025885e-02
1.798888e-03 1.150636e-02
9.530192e-03 1.130890e-02
3.351347e-03 8.080378e-03
9.873612e-03 6.240541e-03
1.682980e-03 1.324772e-02
1.109433e-02 1.691676e-02
4.379147e-03 1.195646e-02
1.331394e-02 1.182359e-02
1.310702e-02 1.048395e-02
3.318618e-03 1.010221e-02
1.043952e-02 7.930346e-03
3.217266e-03 1.033928e-02
1.095530e-02 6.348027e-03
3.884711e-03 1.202751e-02
1.030148e-02 1.491387e-02
6.980773e-03 6.836064e-03
7.831978e-03 3.670342e-03
9.879093e-03 1.257660e-02
1.839560e-03 8.200445e-03
8.038362e-03 4.881703e-03
1.277272e-03 1.101848e-02
8.171261e-03 1.043431e-02
5.462643e-03 4.272373e-03
8.707521e-03 7.703056e-03
9.872235e-03 1.092030e-02
4.197623e-03 5.076371e-03
7.496979e-03 1.058574e-02
4.013197e-03 9.558837e-03
7.125073e-03 5.451836e-03
1.480181e-03 1.273148e-02
1.115278e-02 4.657201e-03
1.112717e-02 9.502649e-03
8.898904e-03 8.519145e-03
7.650398e-03 7.478518e-03
2.398916e-03 9.878626e-03
8.030613e-03 3.774644e-03
3.014753e-03 9.109525e-03
5.623894e-03 7.781932e-03
4.320633e-03 1.538722e-02
9.599585e-03 3.706158e-03
7.962103e-03 7.383841e-03
1.064147e-02 5.115300e-03
3.498402e-03 1.013457e-02
8.122830e-04 7.867967e-03
5.355523e-03 4.348114e-03
4.230422e-03 1.080584e-02
3.590715e-03 3.286431e-03
3.158518e-03 1.557404e-02
7.766491e-03 3.498082e-03
6.572952e-03 1.055232e-02
8.058063e-03 2.414826e-03
3.531357e-03 7.418603e-03
3.625646e-03 8.284016e-03
3.831997e-03 4.686393e-03
1.636912e-03 1.172630e-02
4.182615e-03 4.133075e-03
5.209612e-03 1.208145e-02
8.581869e-03 2.179803e-03
2.576541e-03 1.025298e-02
4.587646e-03 6.742448e-03
2.516155e-04 8.246171e-03
2.787126e-03 8.014434e-03
1.013228e-03 2.959407e-03
1.620579e-03 1.109576e-02
7.793411e-03 2.241291e-03
4.564333e-03 1.414229e-02
9.361969e-03 4.435388e-03
3.921722e-03 8.395888e-03
3.353942e-03 5.104506e-03
2.487261e-03 6.019507e-03
3.007444e-03 4.664823e-03
2.212094e-03 5.543364e-03
6.137751e-03 6.144323e-03
1.101027e-02 9.104055e-03
2.678966e-03 1.451450e-02
7.706471e-03 1.019182e-02
2.918170e-03 1.068113e-02
3.906678e-03 4.633542e-03
4.261678e-03 4.640127e-03
2.217510e-03 7.615259e-03
3.233724e-03 1.227972e-02
3.825717e-03 6.970112e-03
1.253114e-02 5.476938e-03
5.939428e-03 1.294504e-02
8.862302e-03 1.157280e-02
2.224136e-03 9.415722e-03
3.309933e-03 6.757077e-03
3.731359e-03 5.841519e-03
4.510818e-03 9.393855e-03
5.809896e-03 1.309877e-02
5.456700e-03 9.040045e-03
1.110514e-02 1.363605e-02
8.001254e-03 7.175788e-03
7.446016e-03 6.113319e-03
2.063648e-03 1.354992e-02
2.902739e-03 1.011370e-02
2.625789e-03 4.304072e-03
4.139652e-03 1.039368e-02
6.673464e-03 8.289867e-03
7.728347e-03 6.219075e-03
7.740035e-03 1.358145e-02
7.432171e-03 6.337754e-03
4.467952e-03 2.198854e-02
3.243172e-03 1.242881e-02
4.106430e-03 6.414229e-03
2.270016e-03 6.109813e-03
3.230265e-03 9.600937e-03
9.164524e-03 1.181960e-02
7.504668e-03 5.513373e-03
8.408182e-03 5.648012e-03
8.675705e-03 7.391815e-03
7.755780e-03 9.795416e-03
2.399795e-03 7.724289e-03
1.555774e-03 7.427825e-03
5.824830e-03 1.762028e-02
4.007738e-03 4.424185e-03
1.245308e-02 1.383284e-02
5.277106e-03 1.280817e-02
5.242962e-03 4.515157e-03
8.988654e-03 7.153013e-03
2.901058e-03 9.908990e-03
1.417626e-02 1.934029e-02
7.303159e-03 7.236476e-03
1.181421e-02 1.079567e-02
8.035052e-03 5.550289e-03
1.748251e-02 1.099293e-02
5.780881e-03 1.091122e-02
3.022490e-03 1.472558e-02
4.306664e-04 6.379540e-03
1.708741e-03 6.893705e-03
9.722961e-03 4.643672e-03
1.119746e-02 2.433336e-03
1.193017e-02 2.744704e-03
1.455330e-02 4.127894e-03
9.559003e-03 1.096376e-02
3.204689e-03 4.062999e-03
9.838985e-03 1.014595e-02
3.073095e-03 1.096695e-02
1.146920e-03 2.088084e-03
3.990004e-03 1.468533e-02
1.328425e-02 1.473580e-03
1.529289e-02 1.362864e-03
1.192378e-02 4.869596e-03
2.201562e-03 4.144049e-03
3.949538e-03 5.702152e-03
3.205942e-03 5.752019e-03
9.279083e-03 1.116329e-02
1.275831e-03 4.423559e-03
8.825107e-03 6.944293e-03
7.491412e-03 9.888682e-03
1.383778e-02 9.520775e-03
1.511456e-02 9.548346e-03
3.856726e-03 1.158746e-02
2.138770e-03 5.611660e-03
7.170200e-03 1.012094e-02
1.074736e-02 8.508760e-03
7.398974e-03 3.814795e-03
1.377029e-02 8.175915e-03
7.721146e-03 3.025001e-02
1.060941e-03 7.044649e-03
9.512483e-03 7.516361e-03
9.017223e-03 9.029110e-03
7.205503e-03 1.447178e-02
1.040537e-02 9.437031e-03
9.353742e-03 9.233619e-03
7.875536e-03 1.117100e-02
1.263242e-02 2.267886e-02
1.417409e-02 4.568145e-03
2.862981e-02 5.207201e-03
4.921697e-03 7.959037e-03
1.975316e-02 1.176059e-02
4.729934e-03 5.118989e-03
1.868632e-02 1.383971e-02
5.028780e-03 1.658696e-02
9.332095e-03 1.424232e-02
5.777022e-03 8.540747e-03
8.280844e-03 6.586240e-03
1.835343e-02 7.691981e-03
1.106970e-02 2.093396e-02
3.479252e-03 5.914142e-03
1.418055e-02 8.200825e-03
2.909747e-02 4.489661e-03
2.163977e-02 9.911364e-03
1.064411e-02 4.478106e-03
1.435127e-02 9.265824e-03
4.657486e-03 1.061247e-02
2.979667e-03 8.626988e-03
1.830037e-02 2.234708e-02
1.224183e-02 6.421221e-03
1.042841e-02 1.364107e-02
1.603585e-02 2.508975e-02
2.684051e-02 1.780098e-02
2.802144e-02 7.512830e-03
1.849488e-02 1.548610e-02
7.944623e-03 8.598818e-03
8.192498e-03 1.327232e-02
4.749865e-03 9.024861e-03
1.113238e-02 7.438104e-03
1.579086e-02 5.694587e-03
2.018499e-02 2.434795e-03
1.138176e-02 6.103365e-03
1.108776e-02 1.078204e-02
2.955331e-02 3.470240e-03
2.461340e-02 6.888508e-03
7.823312e-03 1.070048e-02
1.578810e-02 1.546040e-02
4.792933e-03 1.720965e-02
6.890138e-03 4.758509e-03
9.291048e-03 2.011590e-02
3.482547e-02 1.591049e-02
1.614874e-02 7.827502e-03
1.242318e-02 1.331578e-02
2.671414e-02 4.002641e-03
3.065784e-02 9.617273e-03
9.348214e-03 3.782068e-03
6.252561e-03 9.564200e-03
7.856990e-03 1.032709e-02
1.432760e-02 1.848207e-03
4.730369e-03 1.222932e-02
2.854489e-02 2.112733e-02
4.251449e-02 1.902185e-02
1.470380e-02 1.022267e-02
2.353011e-02 2.408051e-02
5.961174e-02 2.611657e-02
1.030973e-02 9.970350e-03
6.676615e-03 1.137665e-02
4.579980e-03 1.272471e-02
3.387403e-03 9.166854e-03
5.564467e-03 5.928363e-03
2.115666e-02 1.380703e-02
5.132158e-02 2.581113e-02
2.410324e-02 2.814096e-02
2.434992e-02 7.792160e-03
5.293233e-02 2.980208e-02
5.016116e-02 1.063193e-02
9.325997e-03 1.733058e-03
1.334266e-02 3.113053e-03
4.723654e-03 1.026882e-02
3.167291e-03 8.632898e-03
2.396369e-03 1.051352e-02
7.001998e-02 3.921015e-02
3.154721e-02 2.353201e-02
1.174141e-02 1.491297e-02
3.085313e-02 1.152219e-02
7.714050e-02 2.062853e-02
1.851031e-02 1.624036e-02
1.488207e-02 1.198597e-02
1.267083e-02 1.345707e-02
5.962774e-03 1.518785e-02
7.045372e-03 4.934703e-03
1.308147e-02 1.856385e-02
7.121079e-02 2.632608e-02
3.661614e-02 1.069912e-02
4.148593e-02 8.461261e-03
8.793726e-02 2.909079e-02
6.526590e-02 2.431228e-02
2.425406e-02 1.102970e-03
1.923704e-02 1.244759e-02
2.735741e-02 1.606319e-02
2.272366e-02 1.771123e-02
2.533266e-02 1.065076e-02
5.936698e-02 1.233156e-02
4.836568e-02 1.647013e-02
1.689201e-02 1.998466e-02
5.885776e-02 1.203671e-02
1.451464e-01 2.367955e-02
6.571360e-02 1.655755e-02
5.365797e-02 2.120539e-02
2.944665e-02 1.759644e-02
4.047758e-02 1.456970e-02
7.293102e-02 4.386327e-03
2.599863e-02 7.177669e-03
6.334416e-02 3.976469e-02
1.575999e-02 2.115296e-02
2.881323e-02 1.237482e-02
1.529204e-01 1.936217e-02
1.503386e-01 2.473478e-02
7.360245e-02 2.879647e-02
7.353719e-02 4.546275e-02
4.691026e-02 9.950267e-03
9.460404e-02 1.597498e-02
1.234980e-01 1.601842e-02
3.240859e-02 1.155547e-02
2.856603e-02 5.542183e-02
9.050657e-03 5.873421e-03
9.974903e-02 1.297035e-02
2.248005e-01 2.805897e-02
1.393356e-01 4.501754e-02
1.210966e-01 5.013949e-02
5.285666e-02 6.191993e-02
1.048964e-01 4.467559e-02
1.719481e-01 2.082139e-02
1.110333e-01 2.499712e-02
3.943795e-02 4.465424e-02
1.760105e-02 1.363892e-02
4.531551e-02 1.626891e-02
2.044899e-01 3.900641e-03
2.112371e-01 3.090892e-02
1.200471e-01 7.812148e-02
1.079582e-01 7.189656e-02
6.272124e-02 2.128300e-02
1.728044e-01 4.266609e-02
1.817255e-01 2.596765e-02
6.143183e-02 3.211425e-02
5.276125e-02 3.988438e-02
2.799592e-02 3.555652e-03
1.430306e-01 1.396354e-02
2.592590e-01 1.071899e-02
1.679737e-01 6.154427e-02
1.445027e-01 3.136316e-02
3.996348e-02 3.183365e-02
1.354323e-01 5.481029e-02
2.261015e-01 4.095098e-03
1.240344e-01 3.090111e-02
5.834172e-02 3.462900e-02
3.477632e-02 1.111980e-02
6.665751e-02 1.833853e-02
2.362391e-01 1.432930e-02
2.119556e-01 1.492332e-02
1.203625e-01 5.513219e-02
7.934069e-02 5.956700e-02
8.393617e-02 2.222308e-02
2.100019e-01 3.720261e-02
1.935456e-01 1.062896e-02
6.862773e-02 2.899186e-02
6.323347e-02 3.957406e-02
1.932241e-02 1.976151e-02
1.715939e-01 1.250675e-02
2.653102e-01 2.068214e-02
1.567064e-01 5.446350e-02
1.232438e-01 2.237170e-02
2.449661e-02 3.281798e-02
1.547925e-01 4.427152e-02
2.372056e-01 8.113331e-03
9.942133e-02 1.170767e-02
6.434665e-02 3.809784e-02
1.880456e-02 2.307600e-02
9.882706e-02 1.333910e-02
2.490992e-01 1.459128e-02
1.888495e-01 3.471570e-02
1.356461e-01 4.637318e-02
6.329497e-02 4.717973e-02
9.960199e-02 4.355204e-02
2.173576e-01 1.364025e-02
1.639826e-01 2.528374e-02
4.823088e-02 2.700705e-02
4.273150e-02 3.822202e-02
2.319176e-02 3.728814e-02
1.940269e-01 1.063561e-02
2.398421e-01 1.238783e-02
1.076421e-01 6.800912e-02
1.241805e-01 4.479047e-02
4.947817e-02 1.841683e-02
1.645180e-01 5.250409e-02
1.949809e-01 3.026687e-02
8.217061e-02 2.404432e-02
7.044860e-03 5.419255e-03
1.753158e-02 1.566589e-02
9.844439e-02 1.357509e-02
2.084475e-01 1.332460e-02
1.322117e-01 5.013315e-02
1.063215e-01 4.576738e-02
5.498367e-02 3.452798e-02
1.083736e-01 4.656530e-02
1.718936e-01 2.135865e-02
1.090343e-01 3.428903e-02
3.085681e-02 8.708717e-03
2.294399e-02 1.594014e-02
6.109970e-02 2.988220e-02
1.414054e-01 1.203772e-02
1.248324e-01 1.040358e-02
7.724099e-02 3.102102e-02
6.812012e-02 3.283206e-02
6.774671e-02 1.369086e-02
9.871591e-02 1.901670e-02
1.074661e-01 2.962371e-02
1.743396e-02 2.903446e-02
2.371776e-02 7.433363e-03
2.996476e-02 2.183531e-02
7.024509e-02 1.372696e-02
1.031177e-01 1.492493e-02
4.407599e-02 1.186889e-02
3.818136e-02 7.572515e-03
4.712470e-02 8.282003e-03
5.553003e-02 1.378942e-02
6.384369e-02 6.905394e-03
2.895726e-02 1.834339e-02
2.624290e-02 1.923948e-02
3.199814e-02 2.132517e-02
4.898417e-02 2.905967e-02
6.804958e-02 2.710850e-02
3.885604e-02 4.438490e-03
2.287953e-02 1.190165e-02
3.211493e-02 7.177237e-03
3.079438e-02 4.642411e-03
2.828256e-02 1.529759e-02
4.375745e-02 3.452331e-02
5.984979e-02 2.323213e-02
1.695296e-02 1.231590e-02
4.739595e-02 7.711730e-03
7.074022e-02 1.724129e-02
2.226114e-02 5.109333e-03
1.296255e-02 7.571623e-03
1.388128e-02 1.300338e-02
8.487588e-03 2.799182e-03
1.585170e-02 7.018005e-03
1.540525e-02 9.654193e-03
5.713366e-02 1.833746e-02
3.383709e-02 1.002439e-02
2.029232e-02 2.448115e-02
5.485431e-02 8.892665e-03
2.559111e-02 2.332653e-02
6.783894e-03 1.444219e-02
6.668908e-03 5.182070e-03
1.712595e-02 1.483754e-02
1.274947e-02 6.480764e-03
1.327987e-02 1.099262e-02
5.601902e-02 1.516132e-02
3.461238e-02 7.928430e-03
1.062723e-02 2.319753e-02
3.112801e-02 1.275550e-02
5.882424e-02 2.052870e-02
9.895625e-03 9.868636e-03
8.127849e-03 7.217110e-03
8.623453e-03 5.729367e-03
4.948722e-03 1.221397e-02
7.305147e-03 5.731201e-03
3.332212e-02 2.123540e-02
4.948832e-02 1.828814e-02
7.925818e-03 1.504678e-02
3.186610e-02 9.609648e-03
3.157548e-02 2.212933e-02
3.034090e-02 9.914223e-03
1.737988e-02 1.215338e-02
6.956722e-03 3.660381e-03
8.107831e-03 3.702264e-03
3.715699e-03 1.035369e-02
1.579364e-02 1.366031e-02
5.068555e-02 9.675968e-03
2.127087e-02 2.937345e-02
1.737338e-03 2.998976e-02
4.035265e-02 1.716299e-02
3.280273e-02 1.825500e-02
1.252077e-02 4.893003e-03
1.036436e-02 1.075110e-02
2.707399e-03 4.024917e-03
3.769631e-03 2.744193e-03
1.608525e-02 1.155907e-02
1.690963e-02 1.554032e-02
2.324444e-02 3.089043e-03
1.383067e-02 1.330239e-02
7.753890e-03 1.043089e-02
1.839682e-02 1.912748e-02
1.233596e-02 8.222148e-03
1.385417e-02 9.818257e-03
1.565023e-02 1.751168e-03
9.829948e-03 1.587768e-02
6.665864e-03 1.678466e-02
1.190184e-02 8.352897e-03
2.656065e-02 1.309658e-02
7.932767e-03 2.250398e-02
1.286652e-02 1.187137e-02
1.436404e-02 1.024727e-02
2.153042e-02 1.639941e-02
2.323314e-03 2.350296e-02
1.074635e-02 8.652291e-03
4.079623e-03 9.275412e-03
5.953523e-03 1.224440e-02
1.516764e-02 1.206662e-02
1.923778e-02 2.209349e-02
1.465052e-02 2.478449e-02
8.737739e-03 6.827676e-03
6.036356e-03 1.039489e-02
1.751164e-02 2.535298e-03
1.055598e-02 8.703409e-03
1.625668e-02 9.014755e-03
5.730998e-03 3.790918e-03
4.313378e-03 1.642612e-02
8.482187e-03 8.678367e-03
1.364177e-02 1.294027e-02
1.482481e-02 1.813595e-02
1.233122e-02 1.280456e-02
6.395031e-03 1.675063e-02
1.970647e-02 9.657204e-03
1.076583e-02 2.102326e-03
6.718821e-03 1.031975e-02
1.118168e-02 1.087842e-02
9.005515e-03 1.443687e-02
6.382107e-03 5.068383e-03
1.624949e-02 1.269597e-02
9.363673e-03 1.533200e-02
2.267252e-02 1.116658e-02
1.296490e-02 7.823198e-03
8.205658e-03 1.668849e-02
1.132640e-02 1.213615e-02
1.046309e-02 1.111498e-02
1.732184e-03 1.406352e-02
1.258864e-02 2.005632e-02
9.689589e-03 6.862255e-03
5.078437e-03 1.031493e-02
1.177914e-02 1.487733e-02
1.271257e-03 1.352581e-02
7.372714e-03 1.703968e-02
9.375155e-03 5.379894e-03
1.037104e-02 1.667977e-02
1.248678e-02 1.269768e-02
1.805553e-02 1.116862e-02
6.088736e-03 4.713056e-03
1.220977e-02 8.914062e-03
3.695200e-03 6.993646e-03
4.017340e-03 7.351313e-03
4.890691e-03 9.238811e-03
6.951105e-03 1.545081e-02
1.766335e-03 1.291629e-02
1.040575e-02 5.530128e-03
1.851816e-02 2.203331e-03
9.677075e-03 6.762568e-03
1.128101e-02 9.405566e-03
1.082536e-02 5.468104e-03
3.914550e-03 8.510838e-03
7.148799e-03 6.547621e-03
1.218566e-02 1.242327e-02
4.471915e-03 1.810586e-02
6.559226e-03 6.035269e-03
1.372205e-02 1.213395e-02
7.931486e-03 1.129989e-02
7.718624e-03 1.212584e-02
6.560556e-03 3.711291e-03
3.005811e-03 1.494624e-02
6.386191e-03 2.189822e-02
1.661506e-02 8.461513e-03
9.024894e-03 4.616492e-03
9.510533e-03 7.887447e-03
6.970884e-03 7.589105e-03
2.035504e-03 8.908169e-03
8.473236e-03 9.682067e-03
6.306260e-03 2.266532e-02
1.124542e-02 1.215636e-02
1.436163e-02 2.689240e-03
1.586515e-02 6.166937e-03
1.277110e-02 8.682818e-03
7.999379e-03 5.783941e-03
6.378871e-03 1.445967e-02
3.874477e-03 1.151066e-02
9.103189e-03 1.533353e-02
3.249290e-03 9.396875e-03
1.333631e-02 7.475919e-03
1.276162e-02 2.286030e-02
1.743929e-02 8.782216e-03
1.507362e-02 7.320589e-03
3.702600e-03 1.457938e-02
6.287953e-03 9.455150e-03
3.435830e-04 8.930711e-03
6.184166e-03 1.629924e-02
2.462444e-03 1.059104e-02
1.185082e-02 6.897463e-03
1.221392e-02 2.022835e-02
1.211063e-02 4.781142e-03
1.520203e-02 1.593686e-02
8.064215e-03 1.944663e-02
5.822467e-03 7.655620e-03
2.701746e-03 1.460353e-02
6.670654e-03 1.931466e-02
2.374104e-03 6.885508e-03
1.163892e-02 1.030235e-03
1.115947e-02 1.166569e-02
7.058685e-03 4.907439e-03
8.835158e-03 2.017694e-02
5.076930e-03 1.195376e-02
4.769638e-03 1.549153e-02
3.418631e-03 1.232943e-02
1.222297e-02 9.849814e-03
1.010634e-02 6.854335e-03
1.007187e-02 3.873121e-03
9.816518e-03 8.863796e-03
9.202443e-03 1.469443e-02
6.286096e-03 1.498212e-02
6.627443e-03 5.537869e-03
3.921611e-03 9.427934e-03
2.036241e-03 7.250879e-03
1.217361e-02 5.618737e-03
1.182191e-02 1.040524e-02
9.279468e-03 9.165601e-03
9.229016e-03 1.301683e-02
5.196495e-03 2.066031e-02
4.215353e-03 1.560007e-02
7.009167e-03 1.205237e-02
4.264186e-03 3.467735e-03
1.411474e-03 6.041472e-03
1.039676e-02 5.052485e-03
1.085964e-02 1.162255e-02
1.034559e-02 1.554585e-02
8.766191e-03 1.156047e-02
5.612761e-03 1.639065e-02
6.684799e-03 8.974273e-03
2.648413e-03 1.136716e-02
5.219212e-03 7.909725e-03
6.993651e-03 7.863107e-03
9.581016e-03 1.527999e-02
1.039186e-02 1.030142e-02
7.502082e-03 2.045038e-02
6.217520e-03 5.983138e-03
5.304285e-03 1.437189e-02
4.217733e-03 8.379665e-03
1.720490e-03 1.150460e-02
8.212121e-03 1.571794e-02
9.700559e-03 1.316978e-02
1.224328e-02 1.755508e-02
1.031417e-02 4.904523e-03
7.426165e-03 1.711305e-02
4.556201e-03 3.776740e-03
6.092777e-03 9.692972e-03
3.121459e-03 1.125604e-02
9.764788e-04 9.077779e-03
6.082556e-03 1.838464e-02
5.884165e-03 1.241655e-02
1.324360e-02 1.449774e-02
9.825604e-03 3.493893e-03
6.953871e-03 1.248439e-02
6.093495e-03 7.166473e-03
2.174016e-04 6.021906e-03
3.072759e-03 1.491178e-02
2.222868e-03 4.771518e-03
1.245033e-02 1.163066e-02
9.387965e-03 7.253289e-03
1.048969e-02 5.180926e-03
4.313256e-03 1.384100e-02
4.712145e-03 6.761389e-03
5.413611e-03 7.603920e-03
3.105914e-03 7.773469e-03
4.614582e-03 1.807962e-02
2.295316e-03 7.961723e-03
1.183257e-02 7.638256e-03
8.507372e-03 1.160867e-02
7.932910e-03 5.876077e-03
3.446023e-03 1.355133e-02
7.233803e-03 5.162546e-03
4.721379e-03 1.139039e-02
3.693652e-03 4.395179e-03
1.341761e-02 6.747716e-03
8.090283e-03 1.403384e-02
1.176127e-02 1.154441e-02
7.292620e-03 1.457344e-02
2.523181e-03 1.196495e-02
2.459655e-03 9.623867e-03
1.370969e-03 2.490043e-03
4.559244e-04 1.057871e-02
3.999946e-03 5.549018e-03
1.126523e-02 1.201418e-02
5.916936e-03 1.446431e-02
1.109441e-02 1.223240e-02
5.845156e-03 1.252102e-02
4.477466e-03 6.574243e-03
2.544351e-03 4.411527e-03
5.634912e-03 6.348803e-03
7.582873e-03 1.068262e-02
2.837242e-03 1.388046e-02
1.072431e-02 1.291413e-02
4.562440e-03 1.295392e-02
4.705652e-03 5.348011e-03
2.641513e-03 5.281687e-03
4.919057e-03 3.121975e-03
1.034735e-03 1.182672e-03
5.563481e-03 7.753003e-03
1.006771e-02 9.817510e-03
4.318244e-03 1.463911e-02
9.118503e-03 7.203953e-03
1.978124e-03 9.737183e-03
4.852309e-03 5.207030e-03
4.644672e-03 3.789210e-03
5.825782e-03 5.901113e-03
2.081043e-03 2.924132e-03
3.378468e-03 1.432750e-02
1.034572e-02 4.942520e-03
1.551056e-03 7.903366e-03
4.018304e-03 5.408819e-03
2.165857e-03 6.007187e-03
3.035572e-03 1.085367e-02
4.492261e-03 2.201716e-03
8.917296e-04 1.581811e-02
7.986204e-03 2.682570e-03
6.216608e-03 1.223609e-02
1.036047e-02 3.895312e-03
4.236776e-03 7.234639e-03
2.808736e-03 1.028835e-02
3.715191e-03 3.704213e-03
3.074268e-03 1.373731e-02
6.857890e-03 5.322836e-03
3.214830e-03 1.506245e-02
8.045096e-03 5.562292e-03
7.860885e-03 4.991258e-03
6.632227e-03 3.861124e-03
5.444340e-03 9.649181e-03
1.514959e-03 1.173893e-02
9.527205e-03 8.632124e-03
3.097722e-03 1.486817e-02
1.155222e-02 5.529607e-03
9.806729e-03 6.420944e-03
9.732367e-03 9.134969e-03
1.265209e-02 3.633609e-03
1.131702e-03 1.028655e-02
1.154018e-02 5.664299e-03
2.943611e-03 1.113856e-02
8.150745e-03 8.818519e-03
2.491307e-03 1.211486e-02
8.981533e-03 1.146247e-02
7.619265e-03 4.633401e-03
8.678825e-03 7.158346e-03
9.858308e-03 8.063627e-03
3.083991e-03 1.279261e-02
9.794089e-03 8.869969e-03
3.097767e-03 9.354684e-03
1.054912e-02 1.173870e-02
8.108889e-03 2.368132e-03
8.510261e-03 8.408661e-03
1.100438e-02 8.186408e-03
1.873320e-03 1.311777e-02
1.212153e-02 7.584707e-03
2.176316e-03 9.209548e-03
1.069081e-02 7.391027e-03
5.757576e-03 9.605192e-03
8.458097e-03 1.490710e-02
6.326892e-03 6.021797e-03
9.642468e-03 6.322991e-03
1.202883e-02 1.016305e-02
1.562795e-03 1.139047e-02
1.129139e-02 7.711329e-03
2.968177e-03 1.247609e-02
1.072108e-02 2.958315e-03
1.472162e-03 9.725445e-03
1.105455e-02 8.398544e-03
5.172812e-03 7.319436e-03
4.521119e-03 5.688407e-03
1.131663e-02 8.758556e-03
2.732657e-03 8.327923e-03
1.145706e-02 2.101547e-03
2.385613e-03 1.132408e-02
8.799345e-03 5.242852e-03
3.614579e-03 8.852497e-03
7.570287e-03 6.371746e-03
4.169663e-03 1.116101e-02
4.728185e-03 5.568640e-03
9.572417e-03 8.187355e-03
4.821082e-03 8.462654e-03
9.916470e-03 2.986156e-03
2.671457e-03 9.707783e-03
1.020982e-02 3.658634e-03
2.798226e-03 9.370394e-03
6.050197e-03 2.863926e-03
9.089282e-03 3.756413e-03
2.436577e-03 4.342143e-04
1.074021e-02 2.024409e-03
4.835992e-03 5.355809e-03
8.686244e-03 6.291945e-03
1.801496e-03 9.151811e-03
7.375104e-03 5.769022e-03
3.238991e-03 6.748064e-03
5.945900e-03 4.413425e-03
8.580223e-03 4.444602e-03
4.880764e-03 2.442564e-03
8.375881e-03 2.356880e-03
2.086342e-03 6.481704e-03
8.475448e-03 7.463465e-03
1.377742e-03 4.281075e-03
3.780356e-03 7.997334e-03
5.266112e-03 2.579617e-03
4.227325e-03 7.373419e-04
7.581507e-03 9.355401e-03
5.668684e-03 3.414851e-03
5.043374e-03 1.517996e-03
3.385516e-03 1.786684e-03
8.290430e-03 2.938267e-03
6.062630e-03 7.517919e-03
4.981073e-03 3.843119e-03
5.212779e-03 4.670584e-03
4.474907e-03 1.550978e-03
1.441226e-03 5.964783e-03
2.524465e-03 6.862414e-03
5.089888e-03 7.573626e-03
3.910189e-03 6.187822e-03
7.493115e-03 4.321042e-03
5.476678e-03 7.153774e-03
3.326009e-03 8.573657e-03
6.935949e-03 6.656788e-03
4.533136e-03 1.584249e-03
1.903086e-03 3.201004e-03
7.218732e-03 5.350482e-03
1.121299e-02 4.170331e-03
3.858526e-03 1.122300e-02
7.968432e-03 6.543067e-03
7.347160e-03 8.099417e-03
1.140365e-02 8.121756e-03
3.308824e-03 2.262133e-03
5.495218e-03 1.773626e-03
1.764825e-03 6.428777e-03
4.532349e-03 8.752391e-03
9.182796e-03 4.228345e-03
5.381276e-03 1.221624e-02
5.890212e-03 1.168496e-02
8.287985e-03 3.272144e-03
4.829829e-03 6.349520e-03
1.565599e-03 6.033691e-03
8.393458e-03 9.776099e-03
1.369844e-02 1.123735e-02
6.656536e-03 1.030363e-02
1.185945e-02 6.449843e-03
5.829672e-03 9.418182e-03
5.465142e-03 9.031712e-03
8.376442e-03 4.217661e-03
7.727218e-03 1.211021e-02
3.070429e-03 1.107267e-02
5.449732e-03 8.539812e-03
8.672315e-03 9.613852e-03
7.858560e-03 8.488141e-03
8.610956e-03 9.628331e-03
7.892060e-03 6.467639e-03
1.052508e-02 1.725441e-02
5.062682e-03 1.102899e-02
8.476634e-03 1.077231e-02
5.894508e-03 6.059232e-03
1.206034e-02 9.404589e-03
9.225552e-03 6.562004e-03
1.031974e-02 7.393641e-03
9.329420e-03 7.082647e-03
8.645764e-03 1.096663e-02
5.368971e-03 1.551911e-02
9.611242e-03 1.114528e-02
7.169828e-03 9.303663e-03
8.833019e-03 1.172907e-03
8.388012e-03 1.453147e-02
8.107120e-03 5.868749e-03
6.942680e-03 1.943268e-02
7.123943e-03 5.049499e-03
1.035401e-02 1.004727e-02
7.741315e-03 1.086834e-02
8.296888e-03 3.598419e-03
8.581486e-03 1.382729e-02
1.036215e-02 6.647975e-03
7.497406e-03 1.513764e-02
3.720175e-03 1.353273e-02
1.019680e-02 1.093829e-02
6.559739e-03 4.201878e-03
1.217834e-02 4.696034e-03
6.442313e-03 1.582040e-02
1.134053e-02 1.169880e-02
7.192813e-03 1.366525e-02
7.440695e-03 1.957717e-02
6.921063e-03 1.077707e-02
8.733707e-03 1.239285e-02
1.280167e-02 2.864664e-03
1.185545e-02 8.531284e-03
1.338243e-02 9.563418e-03
4.916083e-03 1.633860e-02
1.372141e-02 1.501806e-02
4.292722e-03 1.187815e-02
8.770940e-03 1.975207e-02
9.535082e-03 5.539935e-03
1.007271e-02 1.309921e-02
1.588873e-02 9.115082e-03
7.082987e-03 9.613780e-03
1.239789e-02 7.033702e-03
5.944750e-03 1.107177e-02
9.310888e-03 1.039178e-02
3.114469e-03 7.901395e-03
7.981179e-03 3.156949e-03
1.446025e-02 6.183634e-03
4.806776e-03 6.412338e-03
1.357333e-02 3.878766e-03
4.763606e-03 1.042909e-02
1.181548e-02 2.889687e-03
4.964999e-03 9.045596e-03
9.948270e-03 4.041022e-03
1.442967e-02 5.179710e-03
4.383565e-03 6.781054e-03
1.632494e-02 3.300804e-03
3.823823e-03 9.217747e-03
9.108001e-03 1.118376e-02
1.303977e-03 9.249548e-03
9.896673e-03 1.619767e-02
3.395827e-03 1.314712e-02
8.382485e-03 1.889728e-02
1.947137e-02 3.154630e-03
3.933718e-04 1.029232e-02
1.704539e-02 1.250061e-02
3.515823e-03 8.725511e-03
9.350365e-03 1.340629e-02
2.422282e-03 6.187629e-03
1.073218e-02 2.095999e-02
7.983248e-03 9.072269e-03
1.253577e-02 1.919088e-02
1.771920e-02 1.307195e-02
2.158328e-03 1.699167e-02
1.215209e-02 1.002890e-02
4.313295e-03 7.232064e-03
7.708951e-03 1.495186e-02
6.571446e-03 7.047642e-03
9.414670e-03 1.805879e-02
1.976092e-02 8.453831e-03
1.897642e-03 2.036333e-02
2.028634e-02 5.538096e-03
1.236390e-02 1.200384e-02
8.994176e-03 9.727681e-03
6.609025e-03 7.275338e-03
8.075439e-03 2.023578e-02
5.861676e-03 5.548446e-03
1.251215e-02 1.383984e-02
1.448501e-02 1.073585e-02
2.381445e-03 1.847126e-02
1.077048e-02 1.077789e-02
9.057018e-03 7.820593e-03
7.954265e-03 1.198723e-02
8.711336e-03 5.070851e-03
6.221833e-03 1.811398e-02
6.895680e-03 8.366521e-03
4.652162e-03 1.853374e-02
1.343557e-02 4.996912e-03
6.221190e-03 1.105246e-02
4.951201e-03 8.226234e-03
1.027836e-02 3.979547e-03
6.131173e-03 8.127003e-03
3.437072e-03 8.415498e-03
4.818034e-03 1.439386e-02
1.005570e-02 6.648857e-03
4.123636e-03 6.822054e-03
9.917890e-03 6.628595e-03
1.019970e-02 7.771425e-03
4.826575e-03 1.032616e-02
8.611277e-03 9.683651e-03
4.149121e-03 1.089894e-02
4.005942e-03 9.348247e-03
6.622558e-03 7.351818e-03
9.096935e-03 7.646309e-03
5.451417e-03 5.686965e-04
4.269087e-03 1.035365e-02
8.386664e-03 7.106123e-03
3.502495e-03 7.508165e-03
5.520541e-03 1.373102e-02
3.236731e-03 1.605961e-02
1.344254e-02 9.339263e-03
6.767287e-03 6.519914e-03
1.110849e-02 6.684510e-03
3.042821e-03 6.187900e-03
2.180422e-02 1.479096e-02
2.141817e-02 1.407424e-02
2.582654e-02 1.854094e-02
3.481384e-02 1.582460e-02
3.346488e-02 1.567073e-02
2.200157e-02 2.703242e-02
1.989576e-02 2.357146e-02
4.992937e-02 8.954543e-03
5.943541e-02 5.224062e-02
9.606840e-02 3.319344e-02
1.133034e-01 6.533490e-03
1.634713e-01 6.037851e-02
7.047394e-02 6.568569e-02
2.116167e-01 1.526214e-01
3.148863e-01 5.481383e-02
1.512731e-01 1.573238e-01
2.130986e-01 2.947591e-01
1.000000e+00 1.000000e+00
