7.424942e-01 3.105217e-01
1.099914e-01 1.827179e-01
1.086168e-01 2.147230e-01
1.284018e-01 1.169578e-01
1.632007e-01 1.323076e-01
5.324457e-02 3.430067e-02
1.300627e-01 2.338874e-02
5.632621e-02 1.359520e-02
3.821480e-02 1.343639e-02
7.576390e-02 2.449385e-02
4.185221e-02 3.219910e-02
3.720984e-02 2.766358e-02
2.619226e-02 1.285835e-02
6.953827e-03 9.784492e-03
3.066943e-02 4.033019e-03
5.197558e-03 1.750109e-03
1.636447e-02 1.227292e-02
2.292655e-02 5.374681e-03
1.649389e-02 2.822254e-03
1.991731e-02 1.207243e-02
5.648320e-03 6.569811e-03
7.630838e-03 9.282171e-03
1.045165e-02 7.898334e-03
1.207106e-02 9.079087e-03
1.361281e-02 1.363954e-02
9.507555e-03 7.889224e-03
1.016154e-02 8.596882e-03
7.195268e-03 4.069177e-03
1.182186e-02 1.057569e-02
1.413656e-03 1.283407e-02
9.062013e-03 5.057072e-03
1.035936e-02 3.101873e-03
1.096833e-02 1.115984e-02
1.393696e-02 8.914625e-03
1.040895e-02 6.214734e-03
1.828785e-02 6.650753e-03
9.382943e-03 1.354035e-02
1.270395e-02 1.346798e-02
7.889099e-03 1.027898e-02
7.632253e-03 3.692445e-03
3.730910e-03 2.023513e-02
1.047393e-02 7.495657e-03
1.646547e-02 1.460357e-02
1.084621e-02 2.645107e-03
2.001147e-02 1.329142e-02
1.332128e-02 4.790927e-03
8.668278e-03 4.818858e-03
1.091837e-02 3.321469e-03
5.833155e-03 2.339777e-02
1.046604e-02 1.642881e-02
1.108729e-02 1.562953e-02
7.527273e-03 5.096587e-03
1.171155e-02 1.404135e-02
3.494036e-03 1.212233e-02
1.510639e-02 1.558116e-02
1.956539e-02 1.174408e-02
1.185769e-02 1.635447e-03
1.804534e-02 9.408745e-03
4.494607e-03 6.491531e-03
1.331054e-02 1.161635e-02
1.358696e-02 1.501374e-02
1.785473e-03 5.846836e-03
5.605098e-03 1.099504e-02
1.251024e-02 1.727243e-02
7.287135e-03 3.092311e-03
1.560644e-02 9.812977e-03
9.642843e-03 8.549325e-03
1.443895e-02 1.663159e-02
1.025106e-02 1.786244e-02
6.563746e-03 8.683060e-03
9.764524e-03 7.140735e-03
1.049961e-02 6.449027e-03
8.977200e-03 7.108865e-03
7.752990e-03 3.027709e-03
5.940014e-03 1.012281e-02
8.657364e-03 7.504299e-03
1.271858e-02 7.019452e-04
8.491076e-03 5.708329e-03
5.455839e-03 1.359225e-02
9.340118e-03 9.242183e-03
6.069618e-03 3.079591e-03
5.384464e-03 2.027003e-02
4.851110e-03 1.605696e-03
7.047237e-03 3.684694e-03
1.340563e-02 1.333693e-02
1.480779e-02 6.045551e-03
1.525973e-02 8.842924e-03
9.013249e-03 4.034097e-03
9.439351e-03 2.305145e-03
1.458026e-02 5.477114e-03
1.777285e-02 9.129168e-03
1.310178e-02 7.985751e-03
1.502879e-02 1.061839e-02
1.060214e-02 9.337740e-03
3.664793e-03 6.191399e-03
1.705947e-02 9.249172e-03
4.302893e-03 2.598923e-03
1.505319e-02 1.560158e-02
1.142050e-02 1.669123e-02
1.125524e-02 1.259168e-02
9.026551e-03 1.093151e-02
7.217410e-03 9.622999e-03
1.069318e-02 6.011573e-03
4.352661e-03 6.751165e-03
1.387160e-02 1.810281e-03
1.762992e-02 6.465919e-03
8.331747e-03 1.563154e-02
5.797536e-03 6.435504e-03
6.368091e-03 2.107966e-02
2.955087e-03 4.633830e-03
1.638738e-02 1.248144e-02
1.111855e-02 1.230645e-02
2.365867e-02 8.631256e-03
6.556280e-03 6.833437e-03
6.278342e-03 2.031370e-02
9.192873e-03 4.819765e-03
1.993687e-03 6.557414e-03
2.009248e-02 1.252072e-02
8.592387e-03 9.116209e-03
1.049508e-02 3.976934e-03
1.139192e-02 2.088721e-03
4.079160e-03 4.708428e-03
2.039063e-02 8.692074e-03
6.993312e-03 4.017720e-03
1.411926e-02 5.195971e-03
8.613334e-03 4.772059e-03
6.352410e-03 6.695849e-03
2.079146e-02 8.724340e-03
3.689517e-03 9.947412e-03
2.414999e-02 1.265928e-02
4.161946e-03 5.237208e-03
1.084641e-02 8.704843e-03
1.707619e-02 1.031829e-02
8.406924e-03 4.677135e-03
2.253895e-02 3.996981e-03
4.879685e-03 8.026600e-03
1.997824e-02 7.763559e-03
7.010289e-03 1.044142e-02
8.442907e-03 5.046438e-03
1.575936e-02 3.620488e-03
4.730813e-03 2.556696e-03
1.129565e-02 1.062218e-02
4.949949e-03 3.537398e-03
9.631911e-03 5.954178e-03
1.161632e-02 6.854695e-03
7.683057e-03 2.643907e-03
2.988447e-03 7.635958e-03
8.229918e-03 7.216398e-03
8.537292e-03 1.849073e-03
9.007528e-03 6.156606e-03
1.398523e-02 2.198666e-03
1.162471e-02 1.606870e-03
1.346155e-02 4.487555e-03
3.911972e-03 7.154524e-03
9.024559e-03 1.672321e-03
1.057336e-02 7.060290e-03
9.830372e-03 8.072700e-03
1.199280e-02 3.509230e-03
1.273551e-02 9.144294e-04
7.731077e-03 5.974390e-03
3.984346e-03 9.580602e-03
7.411341e-03 8.702746e-03
7.022046e-03 8.180900e-03
1.173278e-02 6.956933e-03
2.352968e-03 5.154015e-03
9.506424e-04 1.815574e-02
5.508935e-03 2.433998e-03
4.210794e-03 1.844541e-02
6.065241e-03 6.796033e-03
1.852184e-03 1.124932e-02
1.010608e-02 1.159533e-02
9.518349e-03 4.068248e-03
5.040187e-03 1.165090e-02
3.725637e-03 7.181886e-03
5.911373e-03 4.912185e-03
4.736202e-03 8.057934e-03
1.069964e-02 1.602619e-02
1.023060e-02 3.508657e-03
1.429319e-02 1.703225e-02
4.896213e-03 4.955034e-03
7.907942e-03 1.085564e-02
7.143696e-03 1.423846e-02
5.591188e-03 7.927191e-03
1.641082e-02 6.650025e-03
8.390775e-03 9.417205e-03
1.272841e-02 2.799207e-03
6.271028e-03 8.893711e-03
5.553998e-03 5.467124e-03
6.715418e-03 1.067279e-02
9.939059e-03 1.895757e-03
1.304138e-02 1.475428e-02
4.729373e-03 1.269503e-02
2.102868e-03 1.111682e-02
1.342290e-02 1.993135e-02
2.686111e-03 9.785982e-03
9.221611e-03 2.490095e-02
7.572403e-03 1.661891e-02
8.906363e-03 1.732240e-02
6.318441e-03 2.232950e-02
8.905058e-03 7.356298e-03
6.943811e-03 5.449612e-03
6.623335e-03 7.666418e-03
7.489401e-03 8.390507e-03
4.274621e-03 1.107546e-02
9.809409e-03 5.695886e-03
5.133739e-03 8.391141e-03
7.583818e-03 8.313650e-03
4.833373e-03 5.151043e-03
8.600280e-03 6.369978e-03
4.427846e-03 5.208032e-03
8.080569e-03 9.862372e-03
9.205087e-03 9.968824e-03
7.765688e-03 6.337884e-03
1.035009e-02 1.261213e-02
3.189945e-03 6.666366e-03
5.620907e-03 1.773519e-02
4.839109e-03 1.031455e-02
5.663017e-03 1.294371e-02
9.154540e-03 8.197538e-03
7.339037e-03 1.236939e-02
8.578319e-03 1.040416e-02
8.054249e-03 1.371283e-02
3.661593e-03 9.885577e-03
9.101382e-03 7.187449e-03
8.479853e-03 1.189487e-02
5.139872e-03 9.774860e-03
7.262959e-03 2.189987e-02
5.348820e-03 1.207863e-02
6.246899e-03 1.645165e-02
2.390885e-03 8.786138e-03
1.813355e-03 1.141783e-02
7.974797e-03 4.912516e-03
2.128761e-03 1.781806e-02
6.110218e-03 7.455753e-03
3.165072e-03 1.834689e-02
4.559496e-03 9.769524e-03
4.794147e-03 1.505097e-02
7.655235e-03 1.466398e-02
8.101877e-03 5.765790e-03
4.361196e-03 1.640801e-02
4.900110e-03 5.524154e-03
5.123166e-03 1.683300e-02
2.496646e-03 1.085108e-02
1.999180e-03 1.370723e-02
5.518559e-03 4.916317e-03
5.341848e-03 6.047878e-03
3.129315e-03 1.235877e-02
5.472625e-03 2.148379e-03
4.539151e-03 9.758449e-03
5.429064e-03 3.166243e-03
8.528540e-03 4.494867e-03
7.870543e-03 2.428841e-03
4.475256e-03 8.136835e-03
1.927800e-03 6.963956e-03
6.283614e-04 6.597478e-03
5.452687e-03 3.377763e-03
5.571521e-03 5.507771e-03
6.178591e-03 1.060267e-02
7.884519e-03 1.097473e-03
4.469002e-03 7.240386e-03
2.609608e-03 2.684333e-03
1.790117e-03 1.081042e-02
7.101146e-03 4.279980e-03
3.877639e-03 1.060192e-02
9.711543e-03 1.205994e-02
4.693207e-03 9.182540e-03
4.526484e-03 5.585326e-03
6.090817e-03 5.848581e-03
6.189913e-03 1.037209e-02
7.740804e-03 1.541046e-02
5.514554e-04 8.054653e-03
1.043817e-02 1.612593e-02
3.447132e-03 1.181634e-02
5.363234e-03 1.111947e-02
7.171961e-03 1.463645e-02
6.319705e-03 5.101331e-03
6.729717e-03 1.587396e-02
8.732464e-04 3.748178e-03
6.191828e-03 1.957954e-02
5.878729e-03 1.199983e-02
6.155052e-03 1.568450e-02
1.069394e-02 1.134532e-02
7.061425e-03 6.525265e-03
6.433108e-03 1.025882e-02
4.618406e-03 6.911670e-03
1.296169e-02 1.043299e-02
1.323573e-02 1.139351e-02
2.596059e-03 5.528296e-03
1.169636e-02 1.591350e-02
1.105394e-02 2.570005e-03
4.850197e-03 6.904350e-03
5.614255e-03 8.987888e-03
3.538414e-03 6.274884e-03
1.408773e-02 1.434384e-02
9.247688e-03 7.299962e-03
1.108703e-02 1.855781e-02
4.619317e-03 1.254099e-02
1.036616e-02 1.702663e-02
9.464518e-03 1.545218e-02
3.910674e-03 8.467202e-03
1.392712e-02 2.293934e-02
7.850080e-03 1.636434e-02
8.168973e-03 1.194474e-02
4.404575e-03 3.373628e-03
1.105654e-02 1.089994e-02
5.372797e-03 1.088994e-02
7.775055e-03 1.000990e-02
1.516760e-02 3.441026e-03
7.820351e-03 1.226141e-02
1.079568e-02 8.289845e-03
6.352795e-03 8.820865e-03
1.217525e-02 1.043852e-03
4.672092e-03 7.625774e-03
7.316153e-03 1.377564e-02
6.445263e-03 5.091544e-03
8.497658e-03 1.139802e-02
1.159832e-02 1.746058e-02
5.224148e-03 1.020329e-02
9.369391e-03 1.647474e-02
3.221673e-03 1.109865e-02
1.226205e-02 1.046988e-02
8.326179e-03 1.254085e-02
4.501900e-03 8.211590e-03
3.458796e-03 8.028363e-03
8.864363e-03 7.711426e-03
1.420533e-02 4.917677e-03
5.154128e-03 3.707461e-03
5.890328e-03 9.752078e-03
7.564557e-03 1.309123e-02
7.517709e-03 3.254739e-03
1.914475e-02 1.501852e-02
9.938202e-03 3.702644e-03
3.083509e-03 2.733922e-03
6.066544e-03 1.607257e-02
1.204327e-02 3.292184e-03
3.145657e-03 9.849403e-03
4.851401e-03 1.547178e-02
7.660464e-03 8.350704e-03
4.784818e-03 2.462231e-03
1.999297e-02 7.969010e-03
3.398169e-03 7.285041e-03
6.156431e-03 7.526358e-03
4.125795e-03 1.130390e-02
1.313355e-02 8.922459e-03
4.541473e-03 1.043764e-02
8.428040e-03 6.938674e-03
4.262507e-03 1.063046e-02
7.741540e-03 2.274886e-02
2.453802e-03 1.060148e-02
3.290944e-04 8.267574e-03
6.734286e-03 1.214461e-02
2.193518e-03 4.616758e-03
1.342894e-02 6.386954e-03
1.123603e-02 9.859598e-03
1.253763e-02 5.974817e-03
1.012073e-02 6.338304e-03
5.836788e-03 1.310448e-02
5.117849e-03 7.440258e-03
9.564494e-03 6.632170e-03
5.159854e-03 6.884386e-03
1.479210e-02 9.917073e-03
1.181900e-02 1.263537e-02
2.499606e-02 3.084656e-03
1.020341e-02 4.986444e-03
9.054690e-03 1.020374e-02
8.070359e-03 1.687661e-02
9.369977e-03 8.783237e-03
4.166568e-03 7.958188e-03
1.334316e-02 3.057225e-03
7.999563e-03 1.350907e-02
2.443711e-03 8.137873e-03
1.505294e-02 1.152147e-02
6.043191e-03 5.608455e-03
3.089351e-03 9.099275e-03
1.285661e-02 2.533922e-03
1.186398e-02 6.811786e-03
8.686967e-03 5.475945e-03
8.605977e-04 1.029079e-02
2.120977e-03 1.587319e-02
1.118021e-02 1.238684e-02
9.949040e-03 1.501784e-02
1.478589e-02 1.082139e-02
4.489091e-03 2.131817e-03
7.912822e-03 1.062582e-02
9.961232e-03 2.734280e-03
1.642335e-02 1.498651e-02
9.817441e-03 9.468495e-03
2.075303e-02 5.104290e-03
1.220002e-02 8.183258e-03
1.338162e-02 1.207775e-02
8.033975e-03 6.940740e-03
4.523858e-03 8.489675e-03
2.223032e-02 1.382736e-02
1.445058e-02 1.657949e-02
1.123483e-02 1.374691e-02
7.572645e-03 8.450778e-03
2.122965e-02 8.184465e-03
2.626319e-02 6.002486e-03
2.493466e-03 6.545521e-03
1.352133e-02 8.713751e-03
1.347709e-02 6.644098e-03
8.375955e-03 3.930145e-03
1.329866e-02 6.046063e-03
1.319788e-02 1.149025e-02
1.537896e-02 1.390049e-02
1.069456e-02 5.724462e-03
1.815134e-02 3.355385e-03
2.426539e-02 3.992912e-03
2.208353e-02 1.687557e-02
7.196770e-03 7.941170e-03
8.185113e-03 1.232612e-02
3.654070e-03 1.170087e-02
1.343393e-02 3.655605e-03
1.574599e-02 1.503447e-02
3.162042e-02 1.342282e-02
1.702060e-02 1.834413e-02
9.019690e-03 1.409513e-02
2.041023e-02 1.164357e-02
4.093421e-02 1.475401e-02
1.576457e-02 1.021777e-02
7.486124e-03 1.266720e-02
1.147560e-02 7.405508e-03
3.040482e-03 8.229873e-03
1.545938e-02 4.042750e-03
2.304701e-02 4.600868e-03
2.523341e-02 1.321294e-02
1.267696e-02 4.637916e-03
1.342977e-02 8.968147e-03
3.585921e-02 2.763188e-02
2.141604e-02 1.451440e-02
7.044786e-03 5.188383e-03
2.550438e-03 3.121112e-03
1.533206e-02 1.181082e-02
2.372584e-02 4.464512e-03
2.274015e-02 9.561250e-03
2.793671e-02 1.260605e-02
3.103312e-02 1.004665e-02
1.225610e-02 8.156708e-03
3.065137e-02 1.824326e-02
5.622584e-02 2.285141e-02
1.380238e-02 1.729059e-02
1.010335e-02 6.240796e-04
4.091782e-03 1.417024e-02
3.758282e-03 1.817450e-02
1.834776e-02 7.732454e-03
2.290054e-02 1.481375e-02
4.660605e-02 8.908367e-03
1.422373e-02 1.165335e-02
1.877066e-02 2.420022e-02
5.983444e-02 3.105796e-02
2.778205e-02 4.348312e-03
1.170875e-02 1.193461e-02
9.338829e-03 9.432878e-03
3.218542e-03 1.054921e-02
1.696114e-02 1.504235e-02
1.733334e-02 7.089511e-03
7.856824e-02 1.559327e-02
3.058537e-02 2.039971e-02
6.377700e-03 8.819548e-03
4.297457e-02 7.588619e-03
5.637154e-02 4.104134e-02
1.680972e-02 4.537074e-03
1.834485e-02 4.900680e-03
5.769642e-03 1.602375e-02
1.645789e-02 8.178473e-03
2.079582e-02 8.333796e-03
3.448376e-02 1.652999e-02
5.962948e-02 1.807423e-02
3.470940e-02 1.783157e-02
2.973715e-02 2.883071e-02
6.857290e-02 2.606197e-02
5.640058e-02 1.139085e-02
1.260438e-02 5.961334e-03
2.289791e-02 6.360456e-03
2.460886e-02 1.965231e-02
2.469286e-02 8.696859e-03
3.623127e-02 4.836785e-03
5.929401e-02 2.924578e-02
4.137039e-02 1.819288e-02
2.626193e-02 1.372025e-02
3.827997e-02 1.343578e-02
1.008427e-01 1.170475e-02
7.327712e-02 4.943830e-03
4.426605e-02 1.453975e-02
4.029942e-02 7.237261e-03
5.238161e-02 1.704591e-02
7.176168e-02 8.265257e-03
4.935486e-02 9.579753e-03
3.740664e-02 2.425878e-02
2.079285e-02 1.936977e-02
2.103397e-02 3.611293e-02
1.045595e-01 3.363322e-02
1.500755e-01 8.675559e-03
7.514686e-02 2.181019e-02
8.639274e-02 3.039714e-02
5.138932e-02 1.053689e-02
9.579327e-02 1.503132e-02
1.311261e-01 8.976018e-03
1.140878e-02 1.470609e-02
2.059906e-02 7.608231e-03
1.456713e-02 6.075179e-03
7.663566e-02 2.974704e-02
1.949166e-01 1.391473e-02
1.422403e-01 4.055883e-02
1.015200e-01 6.541358e-02
7.287375e-02 3.910477e-02
1.030654e-01 4.749943e-02
1.634516e-01 1.702963e-02
1.107423e-01 4.988675e-02
2.896649e-02 5.123617e-03
2.209946e-02 1.386928e-02
2.744599e-02 3.547834e-02
1.930452e-01 1.999687e-02
2.386216e-01 1.853083e-02
1.102592e-01 5.683058e-02
1.236970e-01 5.392496e-02
4.541634e-02 2.056975e-02
1.741832e-01 5.530594e-02
2.010796e-01 3.406140e-02
6.702599e-02 1.944507e-02
2.433161e-02 1.730395e-02
2.107768e-02 1.760501e-02
1.193507e-01 1.351310e-02
2.681104e-01 8.403979e-03
1.678185e-01 4.054703e-02
1.312517e-01 3.283473e-02
4.635630e-02 4.227685e-02
1.306051e-01 5.448374e-02
2.206026e-01 9.701762e-03
1.476507e-01 2.390187e-02
7.287857e-02 2.333682e-02
2.153488e-02 2.606277e-02
6.657388e-02 2.142716e-02
2.328930e-01 2.097122e-02
2.349206e-01 1.736317e-02
1.291621e-01 4.771763e-02
9.695383e-02 5.371065e-02
4.792454e-02 2.665224e-02
1.997956e-01 3.100378e-02
2.027375e-01 2.328517e-02
6.699847e-02 3.666928e-02
9.069707e-02 5.055190e-02
3.727168e-02 1.999628e-03
1.705254e-01 2.865083e-02
2.760663e-01 1.042853e-02
1.731638e-01 5.630299e-02
1.219901e-01 2.733000e-02
2.735192e-02 3.842966e-02
1.434882e-01 2.910768e-02
2.361304e-01 8.844881e-03
1.215566e-01 3.303802e-02
1.272508e-01 6.810842e-02
3.033967e-02 1.755157e-02
9.489289e-02 7.606336e-03
2.510550e-01 8.239356e-03
2.200613e-01 5.029321e-02
1.440270e-01 4.833692e-02
8.855836e-02 7.160540e-02
7.779262e-02 2.776619e-02
2.139733e-01 5.120221e-02
1.960244e-01 3.609492e-02
1.011144e-01 7.280761e-02
8.583228e-02 5.198878e-02
4.152552e-02 2.776264e-02
2.062025e-01 3.546283e-02
2.562560e-01 2.891579e-02
1.603842e-01 3.803182e-02
1.360705e-01 8.559798e-02
3.300755e-02 8.445534e-03
1.510974e-01 6.674109e-02
2.078168e-01 2.833350e-02
1.012665e-01 4.006816e-02
1.520949e-01 8.373129e-02
3.280048e-02 1.608820e-02
1.087570e-01 3.465587e-02
2.677355e-01 8.036937e-03
1.515940e-01 4.226607e-03
1.384926e-01 2.950496e-02
7.251718e-02 4.802290e-02
8.277902e-02 4.857394e-02
1.609143e-01 7.508263e-03
1.264089e-01 3.892624e-02
1.999768e-01 7.818666e-02
8.200301e-02 1.965881e-02
5.110469e-02 1.131936e-02
1.925323e-01 4.093387e-02
1.579142e-01 2.453585e-02
8.943683e-02 1.218094e-02
7.603327e-02 4.045951e-02
2.712812e-02 2.639777e-02
1.036122e-01 1.935204e-02
1.066774e-01 2.609729e-02
1.724725e-01 5.118870e-02
1.316731e-01 2.780038e-02
4.919816e-04 4.185930e-03
8.443983e-02 1.642214e-02
1.496298e-01 5.511885e-02
6.082698e-02 4.648580e-03
5.985912e-02 9.717669e-03
2.436157e-02 1.192084e-02
4.320887e-02 7.295384e-03
6.497216e-02 4.715206e-03
8.476519e-02 1.384211e-02
1.547247e-01 2.905230e-02
3.929988e-02 1.032823e-02
2.127122e-02 2.115529e-02
9.501191e-02 2.490241e-02
5.584397e-02 1.787104e-02
4.283580e-02 1.960771e-02
6.182817e-03 1.049720e-02
3.146346e-02 7.386814e-04
2.860523e-02 1.959770e-03
3.942116e-02 1.515276e-02
1.057757e-01 3.601205e-02
6.668633e-02 1.664105e-02
1.898672e-02 1.676205e-02
5.688870e-02 1.421601e-02
7.985280e-02 3.097442e-03
1.934693e-02 1.582516e-02
1.278557e-02 6.383207e-03
2.538341e-03 6.138256e-03
1.676953e-02 1.128220e-02
2.286540e-02 8.840703e-03
3.858084e-02 2.446134e-02
7.164644e-02 8.333500e-03
3.823573e-02 9.951410e-03
2.223484e-02 8.684522e-03
6.850482e-02 2.517734e-02
2.350639e-02 1.336035e-02
1.118456e-02 1.157922e-02
1.078163e-02 5.113906e-03
8.759328e-03 3.507137e-03
9.818722e-03 8.465770e-03
2.253412e-02 7.669635e-03
6.392261e-02 1.848308e-02
3.332598e-02 3.220673e-03
7.098661e-03 6.145648e-03
4.366646e-02 1.111615e-02
3.939109e-02 9.855600e-03
1.771660e-02 6.160444e-03
3.000692e-03 1.272795e-02
9.429453e-03 7.513930e-03
4.175470e-03 1.122713e-02
7.614367e-03 1.215340e-02
3.934016e-02 2.468536e-02
4.747338e-02 8.272018e-03
6.728381e-03 3.373717e-03
3.267564e-02 2.041227e-02
3.432528e-02 1.543510e-02
1.938919e-02 1.115051e-02
7.305959e-03 3.364265e-03
1.669470e-02 1.133329e-02
1.442864e-02 2.016195e-02
9.004605e-03 1.058109e-02
1.275878e-02 3.371043e-03
4.479428e-02 2.336843e-02
2.982877e-02 1.565153e-02
1.504787e-02 1.363968e-02
2.716143e-02 2.321738e-02
4.189116e-02 2.061200e-02
1.764836e-02 1.102144e-02
4.599742e-03 9.843317e-03
7.880539e-03 9.147945e-03
6.300887e-03 3.247604e-03
1.381928e-02 1.055035e-02
3.445100e-02 1.158231e-02
2.113534e-02 9.880016e-03
1.119785e-02 4.696857e-03
4.411768e-03 1.085766e-02
2.455096e-02 1.437599e-02
1.731027e-02 1.024358e-02
9.347202e-03 8.399256e-03
4.098868e-03 1.696871e-03
1.048358e-02 7.713581e-03
9.199929e-03 9.814954e-03
1.898953e-02 2.012644e-02
2.194984e-02 1.530372e-02
2.000151e-02 1.609177e-02
1.175289e-02 1.665999e-02
2.149984e-02 1.938585e-02
1.153381e-02 1.746114e-02
2.035096e-02 1.240625e-02
1.112343e-02 1.036922e-02
3.801195e-03 6.570446e-03
7.803512e-03 1.138317e-03
3.881033e-03 1.842254e-02
1.722089e-02 2.086924e-03
2.373040e-02 1.546997e-02
8.672762e-03 2.069511e-02
1.396442e-02 4.519585e-03
1.738041e-02 2.923793e-02
2.131098e-03 6.081706e-03
9.906190e-03 7.970631e-03
8.820797e-03 7.150162e-03
8.091875e-03 1.078984e-02
4.454492e-03 4.690937e-03
1.835860e-02 1.810241e-02
1.790526e-02 1.493507e-02
9.437414e-03 1.194537e-02
1.792614e-02 5.232840e-03
9.883483e-03 5.708808e-03
1.939363e-02 1.651481e-02
5.230800e-03 1.169895e-02
1.098036e-02 2.733215e-02
2.127610e-03 4.273351e-03
1.105449e-02 1.236316e-02
1.509006e-02 9.678479e-03
1.304643e-02 1.960766e-02
5.219458e-03 3.573914e-03
1.552741e-02 1.644279e-02
1.234321e-02 1.395495e-02
6.712866e-03 7.150334e-03
9.334515e-03 5.552816e-03
3.684940e-03 5.923960e-03
5.650132e-03 4.442950e-03
4.872022e-03 1.090065e-02
1.179323e-02 1.196238e-02
4.088278e-03 8.347134e-03
1.629739e-02 8.783073e-03
1.107130e-02 1.949417e-02
1.555899e-03 1.192502e-02
7.734230e-03 1.604029e-02
7.974468e-03 6.791931e-03
9.128548e-03 8.805761e-03
1.841354e-02 1.281432e-02
1.300729e-02 1.152611e-03
5.836881e-03 1.153587e-02
9.630787e-03 1.007689e-02
2.622660e-03 5.576004e-03
1.225758e-02 1.439073e-02
4.789727e-03 8.572032e-03
1.151960e-02 8.434034e-03
4.869670e-03 1.517090e-02
1.907999e-02 8.676097e-03
1.442039e-02 6.799093e-03
1.249019e-02 5.607580e-03
7.830020e-03 7.039520e-03
2.196132e-03 1.147381e-02
2.791681e-03 1.331177e-02
5.099248e-03 1.592396e-03
6.651377e-03 1.334274e-02
1.051896e-02 8.952472e-03
9.847322e-03 1.497009e-02
9.117167e-03 1.005395e-02
7.569382e-03 3.353522e-03
8.249942e-03 1.254796e-02
7.111651e-03 8.492986e-03
6.062319e-03 9.182825e-03
9.782083e-03 2.014138e-02
1.076319e-03 2.136321e-02
1.259798e-02 6.950871e-03
9.930072e-03 1.925886e-03
5.533552e-03 7.687273e-03
1.175581e-02 7.588122e-03
6.015947e-03 1.173824e-02
9.500841e-03 1.376862e-02
3.414968e-03 1.647872e-02
1.264376e-02 7.722279e-03
5.932584e-03 7.141273e-03
1.337918e-02 1.114720e-02
8.813664e-03 6.814696e-03
3.551933e-03 7.097944e-03
2.295620e-03 5.191815e-03
4.834138e-03 9.429231e-03
8.016318e-03 1.352945e-02
6.019030e-03 8.429805e-03
6.224234e-03 8.556605e-03
1.078204e-02 3.895743e-03
4.660236e-03 1.286959e-02
8.577502e-03 1.190178e-02
3.706932e-03 1.503236e-02
2.038003e-03 3.957233e-03
2.079196e-03 1.091204e-02
5.893148e-03 9.807756e-03
8.919439e-03 6.201020e-03
6.336149e-03 8.248476e-03
1.373240e-02 6.607051e-03
3.566857e-03 1.661430e-02
5.081459e-03 9.309019e-03
6.127640e-03 1.178052e-02
2.355159e-03 7.987843e-03
4.319404e-03 3.034377e-03
1.393843e-02 1.123069e-02
9.412835e-03 1.470431e-02
7.098715e-03 1.730565e-02
4.740856e-03 1.286820e-02
8.154641e-03 6.666130e-03
2.931885e-03 3.256085e-03
8.338002e-03 1.221924e-02
1.328046e-02 3.295595e-03
1.032566e-02 1.193034e-02
1.035434e-02 1.027792e-02
4.875181e-03 1.172298e-02
9.028895e-03 1.237158e-02
5.329878e-03 8.711847e-03
3.837364e-03 4.506549e-03
1.067554e-02 1.302973e-02
1.186515e-02 1.355206e-02
1.481279e-02 3.843948e-03
1.207348e-02 1.347898e-02
7.857823e-03 3.759388e-03
4.450366e-03 8.617745e-03
6.821647e-03 1.861816e-03
4.667048e-03 1.672289e-03
8.099538e-03 3.521903e-03
1.028301e-02 5.974279e-03
8.854149e-03 4.622035e-03
1.131013e-02 5.283094e-03
5.902996e-03 7.902462e-03
1.044393e-02 3.801717e-03
2.820089e-03 3.047116e-03
7.148003e-03 2.836661e-03
1.094034e-02 6.668513e-03
7.106191e-03 2.665003e-03
1.521257e-02 1.131174e-02
1.039871e-02 5.019839e-03
1.027798e-02 1.148691e-02
4.199117e-03 3.288856e-03
3.404585e-03 7.683569e-03
8.657434e-03 1.058210e-02
7.162764e-03 6.314408e-03
9.727201e-03 8.415058e-03
6.515904e-03 6.913817e-03
8.101888e-03 1.919152e-02
8.728357e-04 6.317273e-03
1.071350e-02 1.543722e-02
1.433970e-03 4.673142e-03
4.390942e-03 9.493756e-03
1.016589e-02 8.909442e-03
6.639139e-03 5.678197e-03
1.382540e-02 1.740372e-02
9.358180e-03 7.062072e-03
8.584758e-03 2.011243e-02
2.412510e-03 1.285750e-02
2.351262e-03 1.347213e-02
1.077660e-02 7.471678e-03
6.142950e-03 1.260888e-02
7.369664e-03 1.432810e-02
5.721245e-03 6.486692e-03
7.392074e-03 2.157869e-02
3.565030e-03 1.694776e-02
6.240971e-04 1.083440e-02
1.067772e-02 4.848189e-03
3.545550e-03 1.330999e-02
1.359081e-02 4.027377e-03
7.747040e-03 8.804646e-03
1.388472e-02 1.112639e-02
6.631312e-03 5.412322e-03
7.063124e-03 1.372483e-02
4.809730e-03 9.972331e-03
2.204452e-03 1.074588e-02
1.290403e-02 2.454737e-03
6.386072e-03 1.055098e-02
9.694875e-03 1.075248e-02
6.671752e-03 6.744952e-03
3.996139e-03 1.141596e-02
4.745316e-03 1.153050e-02
2.851234e-03 1.012381e-02
1.068752e-02 3.764362e-03
2.586469e-03 1.425174e-02
1.195664e-02 4.233510e-03
8.313719e-03 1.130767e-02
4.745279e-03 5.687415e-03
2.465034e-03 1.297210e-02
2.514686e-03 8.818873e-03
4.599434e-03 6.786810e-03
1.161675e-03 1.206640e-02
1.169836e-02 6.608531e-03
7.173897e-03 8.390951e-03
7.324444e-03 1.596500e-02
8.986946e-03 1.059687e-02
1.646513e-03 8.100745e-03
5.697765e-03 1.579128e-02
4.501591e-03 8.768909e-03
8.005779e-03 1.524152e-02
5.033901e-03 1.059428e-02
8.580748e-03 1.351676e-02
5.792418e-03 6.648476e-03
1.642960e-03 8.994765e-03
4.036404e-03 1.962857e-02
3.101219e-03 8.276152e-03
3.538231e-03 1.601737e-02
1.841992e-03 2.715008e-03
8.005537e-03 1.655817e-02
3.664714e-03 4.205407e-03
9.434978e-03 1.017995e-02
8.396870e-03 1.168263e-02
1.142296e-03 5.441633e-03
3.014426e-03 2.105167e-02
3.123799e-03 4.513894e-03
7.449260e-03 1.072886e-02
8.223106e-03 3.093251e-03
9.177924e-03 5.225083e-03
7.457256e-03 1.216433e-02
5.344090e-03 6.500449e-03
6.670596e-03 1.085374e-02
6.274396e-03 7.875127e-03
6.495040e-03 5.766853e-03
7.314372e-03 1.595430e-02
1.272725e-02 6.205725e-03
8.510833e-03 1.435419e-02
8.082011e-03 4.282965e-03
6.393942e-03 6.172592e-03
3.799941e-03 1.592722e-02
9.201081e-03 6.582366e-03
9.941636e-03 1.184710e-02
1.045723e-02 1.209973e-02
1.140912e-02 1.183066e-02
9.262763e-03 1.267669e-02
1.462342e-02 1.338646e-02
7.196065e-03 9.288367e-03
1.016019e-02 1.051667e-02
9.027988e-03 1.188811e-02
9.486774e-03 7.414859e-03
1.366386e-02 5.369407e-03
8.804203e-03 1.257407e-02
1.299274e-02 1.013419e-02
6.968573e-03 6.154440e-03
1.240726e-02 1.361807e-02
7.294012e-03 1.553034e-02
1.437214e-02 1.468441e-02
1.290691e-02 9.310369e-03
1.060167e-02 1.205577e-02
1.642735e-02 8.655881e-03
8.689258e-03 7.547951e-03
2.046409e-02 1.804732e-02
5.171650e-03 3.247749e-03
1.350938e-02 1.789507e-02
1.107831e-02 1.046353e-02
1.033929e-02 5.448517e-03
1.976055e-02 1.262049e-02
1.194648e-02 1.507262e-03
1.600148e-02 1.668439e-02
7.337368e-03 2.616628e-03
1.047953e-02 1.893125e-02
1.536651e-02 1.350761e-02
1.716575e-02 8.606156e-03
1.286083e-02 1.880981e-02
9.243622e-03 1.509059e-03
1.681793e-02 1.369166e-02
8.288110e-03 7.614353e-03
1.367815e-02 1.104653e-02
4.245501e-03 1.745007e-02
1.128076e-02 7.856569e-03
1.160058e-02 2.366777e-02
8.891881e-03 8.283093e-03
1.507015e-02 2.355629e-02
6.886860e-03 5.396527e-03
1.556559e-02 6.636540e-03
6.055171e-03 6.589282e-03
8.577428e-03 1.181391e-03
8.755817e-03 2.245645e-02
9.729921e-03 6.106066e-03
9.609367e-03 1.991055e-02
5.352789e-03 1.029470e-02
8.023891e-03 2.329970e-02
4.664463e-03 2.211067e-03
1.232098e-02 5.182739e-03
4.761217e-03 5.220059e-03
5.232364e-03 4.653720e-03
7.692507e-03 1.106203e-02
6.580093e-03 1.017981e-02
6.302211e-03 1.240048e-02
8.968236e-03 1.457113e-02
1.635020e-02 1.696605e-02
5.081382e-03 1.562281e-02
7.329412e-03 1.340675e-02
3.687042e-03 2.584669e-04
6.622376e-03 5.108613e-03
4.733794e-03 3.842603e-03
9.149618e-03 2.410142e-03
5.029955e-03 6.567353e-03
3.118505e-03 1.702600e-02
1.266589e-02 8.262115e-03
4.145288e-03 1.479973e-02
1.452352e-02 6.666896e-03
2.130003e-03 7.055510e-03
9.218400e-03 6.748904e-03
5.468496e-03 3.514523e-03
6.300020e-03 1.225215e-02
1.174939e-02 6.326462e-03
6.363152e-03 1.010432e-02
1.528804e-02 6.867528e-03
2.920394e-03 2.514082e-03
9.556774e-03 1.292482e-02
4.774086e-03 9.417230e-03
1.063943e-02 1.362221e-02
3.773710e-03 5.796759e-03
8.371061e-03 7.735227e-03
1.315754e-02 9.904977e-03
9.979128e-04 1.800602e-03
1.288282e-02 8.549589e-04
4.080041e-03 3.504988e-03
8.369248e-03 1.192290e-02
2.247023e-03 1.116848e-02
1.100747e-02 1.331299e-02
9.184898e-03 1.038994e-02
8.031959e-03 6.419437e-03
1.326312e-02 2.665998e-03
8.317124e-03 5.412871e-05
7.757166e-03 9.588673e-03
5.196034e-03 6.156027e-03
8.753641e-03 1.281728e-02
6.551310e-03 6.145016e-03
1.046224e-02 3.979769e-03
1.148647e-02 6.493980e-03
1.057734e-02 6.784848e-03
1.476774e-02 7.720609e-03
1.403478e-02 5.280904e-03
9.514795e-03 1.270288e-02
3.085235e-03 4.426852e-03
1.186832e-02 5.063703e-03
6.097509e-03 1.098089e-02
1.289383e-02 9.101123e-03
1.072911e-02 2.266835e-02
1.615211e-02 9.712242e-03
9.909748e-03 1.552415e-02
4.575559e-03 8.320827e-03
1.251323e-02 8.721838e-03
5.009088e-03 2.127105e-02
1.150134e-02 9.686370e-03
8.210531e-03 2.257557e-02
1.640182e-02 1.444043e-02
1.277954e-02 1.586521e-02
1.638812e-02 4.411829e-03
9.031118e-03 1.628380e-02
4.174318e-03 1.872568e-02
1.223258e-02 1.902782e-02
8.977774e-03 2.046362e-02
9.971920e-03 1.259594e-02
9.011149e-03 2.049377e-02
1.600371e-02 1.288606e-03
1.060972e-02 1.761962e-02
5.664991e-03 6.344482e-03
1.209414e-02 1.791819e-02
9.915568e-03 3.792008e-03
6.889802e-03 3.402248e-03
6.431028e-03 1.588466e-02
1.043431e-02 5.699729e-03
1.141776e-02 8.742676e-03
1.008414e-02 4.985758e-03
1.287587e-02 8.450126e-03
8.980228e-03 7.280322e-03
7.940427e-03 1.429335e-02
5.104327e-03 8.328961e-03
8.226633e-03 6.848557e-03
1.429107e-02 1.429451e-02
7.791307e-03 1.385861e-02
1.717182e-02 1.510324e-02
8.631505e-03 9.544560e-03
4.883701e-03 1.628729e-02
8.514238e-03 9.942018e-03
2.043709e-03 1.977620e-02
1.436644e-02 7.808021e-03
1.965319e-03 1.728023e-02
1.619930e-02 8.171268e-03
1.277826e-02 1.333097e-02
4.768932e-03 1.286674e-02
4.053283e-03 3.278774e-03
2.679299e-03 1.606049e-02
9.822044e-03 7.424672e-03
2.319628e-04 1.932055e-02
1.286967e-02 3.883456e-03
8.828563e-03 1.456303e-02
7.895009e-03 1.129318e-02
3.502766e-03 5.393833e-03
2.905965e-03 2.160685e-02
1.218400e-02 1.729322e-02
1.430034e-03 1.815057e-02
6.021452e-03 2.598169e-03
1.421634e-02 7.815067e-03
6.640685e-03 1.706689e-02
4.502699e-03 1.118325e-02
5.520940e-03 1.204218e-02
1.418274e-03 7.466431e-03
1.443237e-03 3.040031e-03
1.228404e-02 1.281828e-02
5.592204e-03 1.465259e-02
1.310155e-02 4.476121e-03
6.999242e-03 1.073497e-02
3.248287e-03 6.425518e-03
1.000356e-02 8.161961e-03
1.217302e-03 1.952635e-02
2.003143e-02 7.151920e-03
6.449432e-03 2.159208e-02
1.545027e-02 1.470906e-02
4.530010e-03 6.829596e-03
5.216387e-03 1.812607e-02
2.167559e-02 7.555024e-03
6.252274e-03 1.150614e-02
1.885384e-02 2.307362e-02
4.089510e-03 9.147906e-03
9.081264e-03 2.371621e-02
7.187494e-03 9.301976e-03
7.691088e-03 8.921551e-03
2.562850e-02 1.289713e-02
7.520239e-03 1.043510e-02
1.563848e-02 7.933692e-03
1.407844e-02 9.530047e-03
2.979255e-03 4.128109e-03
1.112696e-02 7.986486e-03
1.035319e-02 2.719754e-02
1.576554e-02 9.493290e-03
6.062877e-03 1.347820e-02
9.729183e-03 1.529167e-02
2.043226e-03 9.622505e-03
5.626299e-03 1.693079e-02
1.043741e-02 1.245865e-02
1.184589e-02 9.360516e-03
1.701302e-02 7.301926e-03
7.373511e-03 8.061815e-03
7.773225e-03 1.910833e-02
7.293813e-03 4.775336e-03
8.017547e-03 7.943141e-03
2.037932e-02 3.075220e-03
1.143764e-02 5.149345e-03
1.823298e-02 1.709349e-02
5.371985e-03 1.044850e-02
1.113646e-02 1.767127e-02
1.927454e-02 1.743106e-02
1.214801e-02 8.593234e-03
9.846600e-03 8.233643e-03
9.339634e-03 3.576066e-03
9.072749e-03 1.033588e-02
1.064070e-02 1.064998e-02
1.905285e-02 1.019803e-02
1.284541e-02 7.883062e-03
1.268944e-02 1.107629e-02
1.117012e-02 3.420166e-03
2.151165e-02 7.183060e-03
1.379863e-02 1.870141e-02
4.893250e-03 1.730343e-02
1.586116e-02 9.425579e-03
1.493989e-02 6.465374e-03
2.008018e-03 4.389895e-03
7.763673e-03 9.052329e-03
1.372559e-02 2.433196e-03
1.973709e-02 3.090575e-03
7.226773e-04 1.501198e-02
2.199128e-02 1.646446e-02
1.754826e-02 9.139720e-03
1.953729e-02 2.632910e-02
8.265978e-03 8.704463e-03
7.784258e-03 1.017475e-02
8.621409e-03 1.228687e-02
1.258195e-02 1.806662e-03
8.731490e-03 8.859937e-03
8.691642e-03 2.064890e-02
7.152265e-03 4.511308e-03
6.189391e-03 1.383739e-02
1.783693e-03 1.392489e-02
1.881937e-02 6.339030e-03
6.225992e-03 1.153825e-02
2.058295e-02 1.478010e-02
5.197020e-03 3.517346e-03
1.070464e-02 4.208039e-03
1.710037e-02 1.280286e-02
1.483316e-02 2.332402e-03
1.442718e-02 1.530279e-02
1.303300e-02 2.041006e-02
1.899491e-02 1.535887e-02
5.892014e-03 3.453319e-03
8.688901e-03 7.803658e-03
2.358751e-03 7.375138e-03
6.286593e-03 2.209524e-02
1.005811e-02 8.047158e-03
7.345274e-03 9.645213e-03
1.119799e-02 5.762347e-03
7.796484e-03 6.684577e-03
7.976701e-03 1.551226e-03
1.504926e-02 9.385494e-03
2.731172e-03 1.170057e-03
2.205461e-02 9.927596e-03
8.111548e-03 9.699085e-03
6.262924e-03 1.035378e-02
3.669666e-03 1.552153e-02
1.799551e-02 1.498636e-02
1.608848e-02 4.427889e-03
9.126537e-03 1.458022e-02
3.107222e-02 6.937375e-03
2.810890e-02 1.419528e-02
1.298174e-02 1.305346e-02
2.639491e-02 1.818838e-02
2.816944e-02 1.772123e-02
1.843271e-02 2.948060e-02
4.212601e-02 1.679512e-02
3.389907e-02 2.539231e-02
4.358409e-02 3.255227e-02
2.678767e-02 2.145188e-02
3.499724e-02 3.642932e-02
4.718668e-02 1.827070e-02
6.322512e-02 5.947560e-02
5.879113e-02 2.152369e-02
7.394455e-02 1.842616e-02
3.471981e-02 6.484612e-02
1.466909e-01 7.182428e-02
2.783935e-02 1.162261e-01
7.522373e-02 1.311890e-01
1.115275e-01 1.411765e-01
4.239628e-01 2.067600e-01
7.586225e-02 3.701377e-01
1.000000e+00 1.000000e+00
7.526283e-01 5.525816e-01
1.000000e+00 1.000000e+00
