2.252683e-06 1.060997e-06
3.107456e-06 1.992685e-06
3.799984e-06 1.998876e-06
3.702714e-06 1.946754e-06
3.492502e-06 2.071491e-06
3.764255e-06 2.007834e-06
3.648887e-06 2.018017e-06
3.559800e-06 2.005526e-06
3.762036e-06 2.035334e-06
3.658634e-06 1.933655e-06
3.675331e-06 2.053911e-06
3.682801e-06 1.962211e-06
3.601742e-06 2.012888e-06
3.647976e-06 1.985082e-06
3.649011e-06 2.009263e-06
3.616835e-06 2.003897e-06
3.643888e-06 1.992707e-06
3.673589e-06 2.017495e-06
3.666106e-06 1.998971e-06
3.625978e-06 2.002081e-06
3.613195e-06 1.985339e-06
3.615827e-06 2.021977e-06
3.640178e-06 1.977610e-06
3.613933e-06 2.003424e-06
3.624858e-06 1.991494e-06
3.623705e-06 2.015462e-06
3.636057e-06 1.990685e-06
3.622140e-06 1.998578e-06
3.625381e-06 2.003687e-06
3.615590e-06 1.989608e-06
3.613132e-06 2.016826e-06
3.627958e-06 1.976832e-06
3.599433e-06 2.024083e-06
3.642628e-06 1.988456e-06
3.620064e-06 1.996260e-06
3.644775e-06 2.016750e-06
3.601741e-06 1.975936e-06
3.627496e-06 2.019101e-06
3.619215e-06 1.978468e-06
3.620613e-06 2.016186e-06
3.622650e-06 1.976201e-06
3.605682e-06 2.025737e-06
3.632957e-06 1.992417e-06
3.632979e-06 1.998916e-06
3.620632e-06 2.016278e-06
3.620624e-06 1.983981e-06
3.619054e-06 2.006522e-06
3.627916e-06 1.983802e-06
3.610003e-06 2.018078e-06
3.626003e-06 1.981202e-06
3.609208e-06 2.011652e-06
3.646105e-06 2.005486e-06
3.634918e-06 1.991405e-06
3.621734e-06 2.002947e-06
3.600443e-06 1.991158e-06
3.609155e-06 2.015465e-06
3.633746e-06 1.981163e-06
3.620390e-06 2.025346e-06
3.604338e-06 1.980314e-06
3.630688e-06 1.989760e-06
3.642911e-06 2.027364e-06
3.631310e-06 1.991743e-06
3.608294e-06 2.004299e-06
3.630831e-06 1.981308e-06
3.602101e-06 2.017297e-06
3.628808e-06 1.971341e-06
3.612228e-06 2.030834e-06
3.630951e-06 1.983202e-06
3.614071e-06 2.000164e-06
3.641464e-06 2.018699e-06
3.619179e-06 1.982194e-06
3.620625e-06 2.011803e-06
3.629817e-06 1.981168e-06
3.609758e-06 2.018726e-06
3.611496e-06 1.973278e-06
3.615503e-06 2.013453e-06
3.637126e-06 2.008649e-06
3.620066e-06 1.994171e-06
3.625037e-06 2.008645e-06
3.628613e-06 1.986400e-06
3.606037e-06 2.016266e-06
3.636889e-06 1.972584e-06
3.614674e-06 2.034385e-06
3.622357e-06 1.965991e-06
3.616118e-06 2.012311e-06
3.630308e-06 2.010822e-06
3.625286e-06 1.990745e-06
3.630000e-06 2.012236e-06
3.617990e-06 1.980820e-06
3.602830e-06 2.013431e-06
3.619184e-06 1.969969e-06
3.625515e-06 2.029788e-06
3.632962e-06 1.995255e-06
3.612260e-06 1.997984e-06
3.636129e-06 2.013085e-06
3.628035e-06 1.981893e-06
3.611234e-06 2.018328e-06
3.631648e-06 1.984604e-06
3.605465e-06 2.013608e-06
3.626758e-06 1.970130e-06
3.620720e-06 2.014408e-06
3.616212e-06 2.001456e-06
3.621619e-06 1.992257e-06
3.631126e-06 2.018787e-06
3.629352e-06 1.983449e-06
3.619205e-06 2.015535e-06
3.604051e-06 1.976207e-06
3.633002e-06 2.014885e-06
3.612724e-06 1.988038e-06
3.634700e-06 2.016134e-06
3.615424e-06 1.995180e-06
3.615186e-06 1.990596e-06
3.628407e-06 2.015987e-06
3.639118e-06 1.990988e-06
3.614006e-06 2.013169e-06
3.611660e-06 1.970720e-06
3.625735e-06 2.014986e-06
3.617342e-06 1.998119e-06
3.613909e-06 1.999864e-06
3.631725e-06 2.010353e-06
3.626916e-06 1.980044e-06
3.619232e-06 2.025796e-06
3.623744e-06 1.982673e-06
3.621461e-06 2.012736e-06
3.617427e-06 1.976265e-06
3.624941e-06 2.021109e-06
3.613702e-06 1.992249e-06
3.621708e-06 1.982795e-06
3.644722e-06 2.025369e-06
3.617650e-06 1.980409e-06
3.612315e-06 2.024735e-06
3.630678e-06 1.973859e-06
3.621765e-06 2.007167e-06
3.623607e-06 1.990167e-06
3.623333e-06 2.024709e-06
3.611619e-06 1.986219e-06
3.617515e-06 1.993153e-06
3.628845e-06 2.018940e-06
3.620659e-06 1.984387e-06
3.630399e-06 2.019869e-06
3.611932e-06 1.983034e-06
3.622069e-06 2.008414e-06
3.614239e-06 1.977381e-06
3.622484e-06 2.012367e-06
3.629294e-06 2.009015e-06
3.615869e-06 1.982567e-06
3.621676e-06 2.022012e-06
3.644034e-06 1.985831e-06
3.626268e-06 2.002797e-06
3.601407e-06 1.990520e-06
3.622838e-06 2.011954e-06
3.608616e-06 1.995803e-06
3.633133e-06 1.990833e-06
3.629415e-06 2.006476e-06
3.602688e-06 1.996208e-06
3.632050e-06 2.023929e-06
3.631498e-06 1.990050e-06
3.632004e-06 1.991107e-06
3.605959e-06 1.990865e-06
3.617886e-06 2.012199e-06
3.622607e-06 1.996172e-06
3.620606e-06 1.991680e-06
3.632388e-06 2.015437e-06
3.615160e-06 1.982524e-06
3.624461e-06 2.028462e-06
3.629871e-06 1.987187e-06
3.619373e-06 1.995359e-06
3.608740e-06 1.998624e-06
3.630944e-06 2.001551e-06
3.621458e-06 1.996155e-06
3.615450e-06 1.989037e-06
3.626075e-06 2.021694e-06
3.631376e-06 1.988305e-06
3.629273e-06 2.012586e-06
3.606156e-06 1.991729e-06
3.622422e-06 1.998776e-06
3.623530e-06 1.991966e-06
3.620588e-06 2.010292e-06
3.634600e-06 1.999395e-06
3.599716e-06 1.996333e-06
3.623021e-06 2.013357e-06
3.628404e-06 1.999093e-06
3.644251e-06 1.993990e-06
3.596562e-06 1.997969e-06
3.638773e-06 1.994394e-06
3.605811e-06 1.996001e-06
3.626564e-06 1.998677e-06
3.631409e-06 2.008571e-06
3.617297e-06 1.990860e-06
3.620366e-06 2.018654e-06
3.630208e-06 2.002841e-06
3.640333e-06 1.978439e-06
3.602594e-06 2.000882e-06
3.612840e-06 2.006045e-06
3.621061e-06 1.998649e-06
3.621230e-06 1.990198e-06
3.624905e-06 2.012769e-06
3.615148e-06 1.999587e-06
3.638805e-06 2.012449e-06
3.604249e-06 1.989834e-06
3.640743e-06 1.993748e-06
3.614732e-06 1.993955e-06
3.614469e-06 2.002528e-06
3.631217e-06 1.999824e-06
3.622699e-06 1.999345e-06
3.625650e-06 2.007371e-06
3.600746e-06 2.005468e-06
3.646716e-06 1.997436e-06
3.612541e-06 1.994317e-06
3.629270e-06 1.994084e-06
3.607899e-06 2.000272e-06
3.630785e-06 2.001462e-06
3.628601e-06 2.002201e-06
3.612978e-06 2.001801e-06
3.625780e-06 2.007317e-06
3.613240e-06 2.000995e-06
3.642147e-06 1.997400e-06
3.613219e-06 1.995847e-06
3.617189e-06 1.994775e-06
3.617853e-06 2.003046e-06
3.629497e-06 1.996156e-06
3.633864e-06 2.001323e-06
3.589446e-06 2.007585e-06
3.635663e-06 2.004359e-06
3.613107e-06 1.998691e-06
3.657872e-06 1.983269e-06
3.620288e-06 1.995936e-06
3.606085e-06 2.010713e-06
3.617103e-06 1.988239e-06
3.629374e-06 2.006134e-06
3.626406e-06 2.001571e-06
3.595877e-06 2.012046e-06
3.644067e-06 1.999903e-06
3.617901e-06 2.001227e-06
3.622706e-06 1.985809e-06
3.615782e-06 1.996927e-06
3.624916e-06 2.000144e-06
3.624588e-06 1.998779e-06
3.620927e-06 2.013175e-06
3.615786e-06 1.993388e-06
3.611230e-06 2.005188e-06
3.657365e-06 1.995053e-06
3.614848e-06 1.998966e-06
3.611599e-06 1.997843e-06
3.626161e-06 1.994293e-06
3.623852e-06 2.006880e-06
3.636543e-06 1.999067e-06
3.593401e-06 2.007107e-06
3.632890e-06 2.000109e-06
3.606920e-06 2.004933e-06
3.643984e-06 1.995138e-06
3.619211e-06 1.996501e-06
3.625177e-06 1.992392e-06
3.611806e-06 1.994241e-06
3.624002e-06 2.020529e-06
3.634472e-06 1.978275e-06
3.586266e-06 2.017813e-06
3.646794e-06 1.998896e-06
3.623896e-06 2.005617e-06
3.624659e-06 1.986641e-06
3.631068e-06 1.998282e-06
3.618942e-06 2.000882e-06
3.629859e-06 1.993577e-06
3.604062e-06 2.027466e-06
3.629000e-06 1.976484e-06
3.589109e-06 2.014480e-06
3.661321e-06 1.990691e-06
3.618712e-06 2.006497e-06
3.616977e-06 1.995391e-06
3.623361e-06 1.988852e-06
3.628202e-06 2.008978e-06
3.627649e-06 1.986046e-06
3.597610e-06 2.017939e-06
3.634741e-06 1.991807e-06
3.603902e-06 2.011956e-06
3.643537e-06 1.990559e-06
3.627885e-06 2.005362e-06
3.618710e-06 1.994321e-06
3.610794e-06 1.987501e-06
3.629080e-06 2.023436e-06
3.630872e-06 1.977937e-06
3.594817e-06 2.015107e-06
3.637070e-06 1.989730e-06
3.621102e-06 2.010750e-06
3.638777e-06 2.001018e-06
3.623116e-06 1.992153e-06
3.613625e-06 1.993868e-06
3.629580e-06 1.997073e-06
3.607235e-06 2.028274e-06
3.628325e-06 1.979557e-06
3.592873e-06 2.014812e-06
3.660486e-06 1.988326e-06
3.605168e-06 2.000112e-06
3.636412e-06 2.009817e-06
3.629819e-06 1.982618e-06
3.607220e-06 2.012913e-06
3.640801e-06 1.978498e-06
3.592268e-06 2.021592e-06
3.637775e-06 1.980966e-06
3.599154e-06 2.021075e-06
3.636695e-06 1.991627e-06
3.628904e-06 1.997955e-06
3.631798e-06 1.987725e-06
3.626065e-06 2.003824e-06
3.613999e-06 2.018716e-06
3.627413e-06 1.972053e-06
3.602075e-06 2.033620e-06
3.627490e-06 1.968220e-06
3.617904e-06 2.025170e-06
3.640347e-06 1.999324e-06
3.618719e-06 1.990462e-06
3.626208e-06 1.994647e-06
3.619128e-06 1.986174e-06
3.608806e-06 2.029476e-06
3.629173e-06 1.963265e-06
3.614573e-06 2.033425e-06
3.634146e-06 1.979564e-06
3.608270e-06 2.020866e-06
3.641791e-06 1.993898e-06
3.610285e-06 1.989736e-06
3.625675e-06 2.014379e-06
3.625757e-06 1.972705e-06
3.598000e-06 2.025243e-06
3.635074e-06 1.982290e-06
3.611637e-06 2.015165e-06
3.639973e-06 1.994102e-06
3.629529e-06 2.007112e-06
3.620885e-06 2.002564e-06
3.624327e-06 1.977637e-06
3.608912e-06 2.021132e-06
3.636684e-06 1.969783e-06
3.584515e-06 2.028954e-06
3.654130e-06 1.988796e-06
3.609714e-06 2.006769e-06
3.641714e-06 1.999142e-06
3.615466e-06 1.989089e-06
3.617748e-06 2.024129e-06
3.649130e-06 1.971806e-06
3.587820e-06 2.014497e-06
3.645214e-06 1.967015e-06
3.576632e-06 2.043172e-06
3.646604e-06 1.983257e-06
3.626879e-06 1.995124e-06
3.638874e-06 2.001232e-06
3.612004e-06 1.989838e-06
3.613694e-06 2.026473e-06
3.640351e-06 1.966542e-06
3.606528e-06 2.030791e-06
3.639505e-06 1.961397e-06
3.609267e-06 2.050006e-06
3.621303e-06 1.969667e-06
3.631995e-06 2.003499e-06
3.614893e-06 1.995222e-06
3.631651e-06 1.996051e-06
3.603115e-06 2.025283e-06
3.644083e-06 1.967829e-06
3.607932e-06 2.022662e-06
3.630992e-06 1.964222e-06
3.620599e-06 2.050060e-06
3.614938e-06 1.970542e-06
3.630403e-06 2.022397e-06
3.618481e-06 1.989768e-06
3.611075e-06 1.984892e-06
3.600489e-06 2.026767e-06
3.641421e-06 1.983173e-06
3.617792e-06 2.012348e-06
3.628224e-06 1.977137e-06
3.644027e-06 2.012595e-06
3.588943e-06 1.998613e-06
3.648267e-06 1.992760e-06
3.606245e-06 2.015010e-06
3.640730e-06 1.977452e-06
3.587381e-06 2.016717e-06
3.653701e-06 2.015551e-06
3.610856e-06 1.974869e-06
3.633816e-06 2.001776e-06
3.620142e-06 2.002136e-06
3.608612e-06 2.013546e-06
3.629100e-06 1.971580e-06
3.624079e-06 2.035507e-06
3.635010e-06 1.954134e-06
3.600044e-06 2.031684e-06
3.650814e-06 1.985731e-06
3.581873e-06 2.001381e-06
3.632353e-06 2.004594e-06
3.633392e-06 1.995826e-06
3.616226e-06 2.000410e-06
3.623617e-06 2.007496e-06
3.619360e-06 2.015496e-06
3.634897e-06 1.970181e-06
3.625701e-06 2.044027e-06
3.620919e-06 1.947371e-06
3.588426e-06 2.025683e-06
3.625928e-06 1.996044e-06
3.615642e-06 1.985568e-06
3.613616e-06 2.025929e-06
3.660082e-06 1.992177e-06
3.619493e-06 1.986892e-06
3.598136e-06 2.010225e-06
3.661383e-06 2.001563e-06
3.605857e-06 1.985889e-06
3.616434e-06 2.027815e-06
3.619172e-06 1.978639e-06
3.607759e-06 1.985930e-06
3.642544e-06 2.010129e-06
3.614814e-06 2.039562e-06
3.610302e-06 1.956864e-06
3.647101e-06 2.012691e-06
3.627534e-06 1.988855e-06
3.606487e-06 2.010495e-06
3.637172e-06 1.999304e-06
3.617570e-06 1.994980e-06
3.619350e-06 2.014630e-06
3.587597e-06 1.987028e-06
3.617021e-06 2.005445e-06
3.636876e-06 1.976850e-06
3.645095e-06 2.045642e-06
3.610530e-06 1.990649e-06
3.640155e-06 1.977447e-06
3.627226e-06 2.002685e-06
3.620085e-06 2.001503e-06
3.608200e-06 2.016166e-06
3.648072e-06 1.985282e-06
3.591041e-06 2.001887e-06
3.658195e-06 1.998249e-06
3.566618e-06 2.021713e-06
3.601108e-06 1.988422e-06
3.633595e-06 1.999667e-06
3.655044e-06 2.007416e-06
3.619019e-06 1.974466e-06
3.597622e-06 2.020823e-06
3.643806e-06 1.993240e-06
3.640950e-06 2.013565e-06
3.588554e-06 1.981818e-06
3.606370e-06 2.017916e-06
3.600806e-06 1.953627e-06
3.674696e-06 2.044230e-06
3.613172e-06 2.021623e-06
3.598507e-06 1.963797e-06
3.670565e-06 1.995349e-06
3.604910e-06 2.008711e-06
3.609866e-06 2.020889e-06
3.640977e-06 1.991835e-06
3.624914e-06 1.983852e-06
3.621248e-06 2.011898e-06
3.558992e-06 2.009583e-06
3.562666e-06 2.000142e-06
3.670982e-06 1.963891e-06
3.637206e-06 2.042610e-06
3.650859e-06 1.981735e-06
3.622102e-06 1.991629e-06
3.585844e-06 1.998285e-06
3.657586e-06 2.026340e-06
3.618162e-06 1.988151e-06
3.565734e-06 1.995488e-06
3.631235e-06 1.970351e-06
3.666608e-06 2.038141e-06
3.628033e-06 2.005662e-06
3.600117e-06 2.005432e-06
3.631960e-06 1.972203e-06
3.646573e-06 1.995051e-06
3.605082e-06 2.011483e-06
3.615308e-06 2.033248e-06
3.647128e-06 1.961678e-06
3.651157e-06 2.018747e-06
3.548511e-06 1.997507e-06
3.554256e-06 1.994744e-06
3.660581e-06 1.972004e-06
3.652786e-06 2.017155e-06
3.619822e-06 2.004822e-06
3.667486e-06 2.005065e-06
3.580024e-06 1.967109e-06
3.604846e-06 2.026416e-06
3.638051e-06 2.022349e-06
3.637075e-06 1.974850e-06
3.578130e-06 1.987232e-06
3.665970e-06 2.021294e-06
3.599657e-06 2.011201e-06
3.558588e-06 2.032186e-06
3.653733e-06 1.993279e-06
3.649600e-06 1.968572e-06
3.638449e-06 2.005340e-06
3.591061e-06 2.007313e-06
3.615731e-06 2.008486e-06
3.688308e-06 1.986653e-06
3.561292e-06 2.006524e-06
3.571573e-06 2.000909e-06
3.627436e-06 1.976756e-06
3.627416e-06 2.029293e-06
3.695887e-06 2.005770e-06
3.603844e-06 2.000943e-06
3.627118e-06 1.973672e-06
3.626018e-06 1.991004e-06
3.610123e-06 2.051946e-06
3.642557e-06 1.983611e-06
3.618151e-06 1.982807e-06
3.617211e-06 2.005485e-06
3.601923e-06 2.013215e-06
3.503394e-06 2.021539e-06
3.661350e-06 2.012783e-06
3.644607e-06 1.972889e-06
3.656260e-06 2.003880e-06
3.598142e-06 1.986698e-06
3.625246e-06 2.010226e-06
3.618679e-06 2.039064e-06
3.664678e-06 1.960754e-06
3.543490e-06 2.007230e-06
3.633167e-06 1.983008e-06
3.610560e-06 2.013879e-06
3.664650e-06 2.030392e-06
3.609996e-06 2.003896e-06
3.641793e-06 1.989537e-06
3.613392e-06 1.976720e-06
3.617469e-06 2.028379e-06
3.646509e-06 2.001093e-06
3.635386e-06 2.002360e-06
3.613472e-06 1.991564e-06
3.586060e-06 2.006645e-06
3.529735e-06 1.997119e-06
3.613888e-06 2.002769e-06
3.664031e-06 2.004069e-06
3.649550e-06 1.993798e-06
3.651778e-06 1.996238e-06
3.581421e-06 1.983938e-06
3.621577e-06 2.024997e-06
3.637695e-06 2.024201e-06
3.619609e-06 1.969002e-06
3.591606e-06 1.992652e-06
3.651869e-06 2.009338e-06
3.598425e-06 2.028985e-06
3.592686e-06 1.984475e-06
3.618082e-06 2.024404e-06
3.669802e-06 1.971995e-06
3.593943e-06 1.995256e-06
3.644234e-06 2.017718e-06
3.629284e-06 2.007430e-06
3.649374e-06 2.002969e-06
3.604115e-06 1.984077e-06
3.508786e-06 2.021593e-06
3.633726e-06 1.956018e-06
3.614721e-06 2.019868e-06
3.700628e-06 2.007987e-06
3.634454e-06 1.998397e-06
3.623111e-06 1.989023e-06
3.602720e-06 1.975561e-06
3.611865e-06 2.054625e-06
3.653797e-06 1.991161e-06
3.626338e-06 1.976096e-06
3.590412e-06 1.995697e-06
3.623826e-06 2.028747e-06
3.543264e-06 1.998901e-06
3.581215e-06 2.036313e-06
3.668142e-06 1.984037e-06
3.633681e-06 1.980942e-06
3.629010e-06 2.009760e-06
3.607961e-06 1.984338e-06
3.625079e-06 2.044607e-06
3.652413e-06 1.958844e-06
3.579101e-06 2.034485e-06
3.578336e-06 1.963660e-06
3.619555e-06 1.994669e-06
3.706697e-06 2.012779e-06
3.608632e-06 2.004413e-06
3.635204e-06 1.999323e-06
3.636121e-06 1.968887e-06
3.588433e-06 2.012522e-06
3.627590e-06 2.043405e-06
3.664210e-06 1.976063e-06
3.605301e-06 1.989921e-06
3.602701e-06 2.002913e-06
3.547196e-06 2.007292e-06
3.595388e-06 2.043675e-06
3.677480e-06 1.977929e-06
3.624530e-06 1.985821e-06
3.673980e-06 2.005911e-06
3.571481e-06 1.988483e-06
3.626696e-06 2.001703e-06
3.632269e-06 2.037975e-06
3.636421e-06 1.987004e-06
3.564967e-06 1.980111e-06
3.605464e-06 1.979989e-06
3.692536e-06 2.038823e-06
3.612476e-06 2.001743e-06
3.610918e-06 2.040141e-06
3.640472e-06 1.965216e-06
3.640866e-06 1.981810e-06
3.603436e-06 2.025244e-06
3.633760e-06 2.027348e-06
3.629769e-06 1.969495e-06
3.635380e-06 1.997479e-06
3.558247e-06 2.005668e-06
3.561309e-06 2.014033e-06
3.688280e-06 1.971865e-06
3.626741e-06 2.017808e-06
3.633733e-06 1.995448e-06
3.649826e-06 2.005085e-06
3.582069e-06 1.971149e-06
3.624448e-06 2.021985e-06
3.636836e-06 2.020890e-06
3.639865e-06 1.978611e-06
3.578776e-06 1.982024e-06
3.648022e-06 2.022296e-06
3.596664e-06 1.999790e-06
3.569298e-06 2.064000e-06
3.634901e-06 1.947591e-06
3.664141e-06 2.006716e-06
3.618322e-06 1.988893e-06
3.606593e-06 2.023162e-06
3.632223e-06 2.007831e-06
3.646439e-06 1.986836e-06
3.592542e-06 1.979900e-06
3.580683e-06 2.042690e-06
3.631958e-06 1.960907e-06
3.624299e-06 2.013874e-06
3.652403e-06 2.018993e-06
3.606759e-06 1.982209e-06
3.651844e-06 1.976662e-06
3.602137e-06 2.026337e-06
3.616859e-06 2.000937e-06
3.620051e-06 2.014338e-06
3.650350e-06 1.963237e-06
3.598788e-06 2.027028e-06
3.615537e-06 1.974015e-06
3.573748e-06 2.055702e-06
3.638579e-06 1.960323e-06
3.628052e-06 2.008735e-06
3.652836e-06 2.001880e-06
3.609420e-06 1.984272e-06
3.610556e-06 2.024052e-06
3.662180e-06 1.976012e-06
3.611291e-06 2.017569e-06
3.593265e-06 1.992458e-06
3.609080e-06 1.991760e-06
3.616807e-06 1.995093e-06
3.640513e-06 2.029709e-06
3.608614e-06 2.004993e-06
3.628225e-06 1.967509e-06
3.641832e-06 2.020555e-06
3.621602e-06 1.982441e-06
3.606744e-06 2.036416e-06
3.633353e-06 1.986103e-06
3.619047e-06 1.968327e-06
3.611051e-06 2.018806e-06
3.614783e-06 2.038668e-06
3.587276e-06 1.963383e-06
3.644466e-06 1.998844e-06
3.641373e-06 2.016128e-06
3.637647e-06 1.976698e-06
3.607333e-06 2.025852e-06
3.641111e-06 1.998087e-06
3.608190e-06 1.996209e-06
3.599872e-06 2.018002e-06
3.633534e-06 1.973429e-06
3.627282e-06 1.985632e-06
3.617952e-06 2.011409e-06
3.621960e-06 2.026290e-06
3.605839e-06 1.973117e-06
3.633285e-06 2.016129e-06
3.642479e-06 1.983650e-06
3.606397e-06 2.013352e-06
3.633339e-06 1.992330e-06
3.620843e-06 2.005528e-06
3.618907e-06 2.002006e-06
3.629443e-06 1.995128e-06
3.604683e-06 2.006480e-06
3.609374e-06 1.983445e-06
3.658800e-06 2.006741e-06
3.615953e-06 2.003067e-06
3.618536e-06 1.993265e-06
3.633830e-06 1.988763e-06
3.600110e-06 2.030220e-06
3.633327e-06 1.969603e-06
3.608695e-06 2.033938e-06
3.629945e-06 1.954694e-06
3.599382e-06 2.027547e-06
3.646409e-06 2.009017e-06
3.619923e-06 1.980213e-06
3.619333e-06 2.015448e-06
3.623202e-06 1.983758e-06
3.627399e-06 2.018129e-06
3.623224e-06 1.978260e-06
3.623486e-06 2.037274e-06
3.630890e-06 1.942611e-06
3.597526e-06 2.049032e-06
3.626750e-06 1.980473e-06
3.623200e-06 1.979397e-06
3.628990e-06 2.027196e-06
3.624771e-06 1.984270e-06
3.612815e-06 2.014702e-06
3.626671e-06 1.985010e-06
3.638059e-06 2.010061e-06
3.610045e-06 1.981545e-06
3.625002e-06 2.024382e-06
3.623925e-06 1.984514e-06
3.608446e-06 2.004056e-06
3.629472e-06 2.020302e-06
3.615615e-06 1.971810e-06
3.600909e-06 2.020688e-06
3.655341e-06 1.987465e-06
3.617681e-06 2.011666e-06
3.600250e-06 1.994056e-06
3.644606e-06 1.992172e-06
3.594063e-06 2.022015e-06
3.671999e-06 1.964113e-06
3.591408e-06 2.028328e-06
3.652624e-06 1.967997e-06
3.583582e-06 2.033460e-06
3.627655e-06 1.998428e-06
3.618655e-06 1.989039e-06
3.626949e-06 2.011601e-06
3.636452e-06 1.987466e-06
3.613851e-06 2.015903e-06
3.630353e-06 1.964751e-06
3.623948e-06 2.034302e-06
3.617312e-06 1.958561e-06
3.611396e-06 2.044502e-06
3.627324e-06 1.976474e-06
3.607876e-06 1.998407e-06
3.630246e-06 2.018694e-06
3.638837e-06 1.980576e-06
3.609067e-06 2.029099e-06
3.641025e-06 1.958662e-06
3.601981e-06 2.035469e-06
3.648729e-06 1.963929e-06
3.593045e-06 2.038008e-06
3.630397e-06 1.976234e-06
3.621241e-06 1.998219e-06
3.620520e-06 2.015156e-06
3.641718e-06 1.972383e-06
3.602930e-06 2.033120e-06
3.626363e-06 1.957025e-06
3.623037e-06 2.034967e-06
3.626585e-06 1.965041e-06
3.601272e-06 2.029344e-06
3.632437e-06 1.999817e-06
3.640094e-06 1.994428e-06
3.603109e-06 2.007454e-06
3.642230e-06 1.977168e-06
3.596600e-06 2.035970e-06
3.620989e-06 1.956354e-06
3.610639e-06 2.034188e-06
3.634605e-06 1.981323e-06
3.627063e-06 2.014371e-06
3.619511e-06 2.008807e-06
3.648950e-06 1.972089e-06
3.589612e-06 2.018772e-06
3.647181e-06 1.966809e-06
3.603646e-06 2.045206e-06
3.619522e-06 1.961247e-06
3.606171e-06 2.029588e-06
3.654912e-06 1.985460e-06
3.617252e-06 1.997527e-06
3.620075e-06 2.019624e-06
3.649581e-06 1.970419e-06
3.593083e-06 2.027159e-06
3.620467e-06 1.954238e-06
3.625178e-06 2.053094e-06
3.620717e-06 1.962223e-06
3.612093e-06 2.021454e-06
3.638794e-06 2.005594e-06
3.634283e-06 1.981574e-06
3.595914e-06 2.014020e-06
3.648839e-06 1.965551e-06
3.607560e-06 2.043733e-06
3.617676e-06 1.964702e-06
3.616252e-06 2.023040e-06
3.637818e-06 1.988377e-06
3.613986e-06 2.009134e-06
3.627524e-06 2.009805e-06
3.638141e-06 1.973241e-06
3.606892e-06 2.015282e-06
3.631229e-06 1.969511e-06
3.612149e-06 2.040480e-06
3.614923e-06 1.955898e-06
3.605602e-06 2.038489e-06
3.646760e-06 1.987761e-06
3.627366e-06 2.006387e-06
3.613789e-06 2.009695e-06
3.634800e-06 1.964666e-06
3.605207e-06 2.034505e-06
3.638063e-06 1.962761e-06
3.604810e-06 2.035435e-06
3.635521e-06 1.973285e-06
3.610078e-06 2.024842e-06
3.625915e-06 2.006774e-06
3.639543e-06 1.975803e-06
3.605846e-06 2.012644e-06
3.638134e-06 1.971159e-06
3.607162e-06 2.031635e-06
3.624650e-06 1.963847e-06
3.610279e-06 2.028336e-06
3.640183e-06 1.992861e-06
3.610668e-06 2.010003e-06
3.627204e-06 2.003155e-06
3.640982e-06 1.975487e-06
3.602379e-06 2.020438e-06
3.634128e-06 1.970257e-06
3.598507e-06 2.043286e-06
3.621443e-06 1.961869e-06
3.615364e-06 2.028972e-06
3.648662e-06 2.002050e-06
3.628715e-06 1.988495e-06
3.615499e-06 2.000198e-06
3.639254e-06 1.975803e-06
3.598060e-06 2.029260e-06
3.628173e-06 1.966577e-06
3.608791e-06 2.026089e-06
3.620511e-06 1.984470e-06
3.626971e-06 2.019618e-06
3.636645e-06 1.999398e-06
3.631866e-06 1.992049e-06
3.603663e-06 2.002258e-06
3.635827e-06 1.979411e-06
3.597242e-06 2.033346e-06
3.633214e-06 1.962858e-06
3.606836e-06 2.031150e-06
3.649047e-06 1.987498e-06
3.611588e-06 2.008266e-06
3.629492e-06 1.998407e-06
3.629379e-06 1.983820e-06
3.603109e-06 2.023358e-06
3.627570e-06 1.973532e-06
3.613347e-06 2.030411e-06
3.629165e-06 1.972696e-06
3.605719e-06 2.020606e-06
3.652034e-06 2.002314e-06
3.627058e-06 1.987115e-06
3.611528e-06 2.001374e-06
3.618239e-06 1.974074e-06
3.622319e-06 2.035681e-06
3.630891e-06 1.964226e-06
3.592256e-06 2.032903e-06
3.635303e-06 1.979470e-06
3.626359e-06 2.019361e-06
3.634841e-06 1.998822e-06
3.633784e-06 1.990504e-06
3.600398e-06 2.002892e-06
3.647174e-06 1.981413e-06
3.589060e-06 2.024685e-06
3.631706e-06 1.977164e-06
3.601848e-06 2.023837e-06
3.649168e-06 1.992292e-06
3.627760e-06 2.003032e-06
3.615691e-06 1.998405e-06
3.625206e-06 1.984796e-06
3.607825e-06 2.017311e-06
3.633415e-06 1.975602e-06
3.600227e-06 2.021720e-06
3.632562e-06 1.981021e-06
3.626279e-06 2.022860e-06
3.640591e-06 1.996581e-06
3.621007e-06 1.994231e-06
3.614710e-06 1.990579e-06
3.626269e-06 1.999830e-06
3.606456e-06 2.026145e-06
3.632199e-06 1.972073e-06
3.599745e-06 2.021733e-06
3.647107e-06 1.990858e-06
3.614036e-06 2.006229e-06
3.630139e-06 1.992117e-06
3.623247e-06 1.991309e-06
3.615338e-06 2.009431e-06
3.636696e-06 1.980615e-06
3.602449e-06 2.020688e-06
3.631557e-06 1.991447e-06
3.599930e-06 2.013068e-06
3.648911e-06 1.989292e-06
3.624904e-06 2.006333e-06
3.616782e-06 1.995507e-06
3.610867e-06 1.990960e-06
3.622193e-06 2.015766e-06
3.636781e-06 1.977968e-06
3.589236e-06 2.016582e-06
3.640246e-06 1.992308e-06
3.631395e-06 2.012855e-06
3.623494e-06 1.994317e-06
3.628348e-06 1.995180e-06
3.617104e-06 2.001141e-06
3.622131e-06 1.993059e-06
3.611384e-06 2.018451e-06
3.631020e-06 1.978090e-06
3.593927e-06 2.016077e-06
3.665361e-06 1.995054e-06
3.613046e-06 2.004503e-06
3.617851e-06 1.990265e-06
3.615074e-06 1.997525e-06
3.629142e-06 2.005123e-06
3.636143e-06 1.994966e-06
3.594659e-06 2.009768e-06
3.624051e-06 2.001431e-06
3.616651e-06 2.010512e-06
3.648893e-06 1.977795e-06
3.619250e-06 2.008519e-06
3.608541e-06 1.994953e-06
3.621606e-06 1.998138e-06
3.630376e-06 2.005414e-06
3.630615e-06 1.986689e-06
3.593395e-06 2.014612e-06
3.641181e-06 2.001125e-06
3.621759e-06 2.008559e-06
3.627092e-06 1.984413e-06
3.611890e-06 1.994611e-06
3.625165e-06 2.006058e-06
3.624421e-06 1.995651e-06
3.617672e-06 2.011762e-06
3.624343e-06 1.995084e-06
3.603039e-06 2.005006e-06
3.652392e-06 1.995379e-06
3.621035e-06 2.000936e-06
3.611686e-06 1.992980e-06
3.626525e-06 2.007052e-06
3.623655e-06 1.993861e-06
3.633630e-06 2.000447e-06
3.601725e-06 2.005193e-06
3.628159e-06 2.003165e-06
3.617620e-06 2.004339e-06
3.652625e-06 1.980146e-06
3.604393e-06 1.997243e-06
3.614567e-06 2.008501e-06
3.618263e-06 1.992879e-06
3.626535e-06 2.003069e-06
3.632675e-06 2.007438e-06
3.595565e-06 2.004003e-06
3.644197e-06 2.002639e-06
3.609173e-06 1.995853e-06
3.627910e-06 1.991828e-06
3.621791e-06 2.003888e-06
3.622982e-06 1.999345e-06
3.625121e-06 2.003175e-06
3.613207e-06 1.990578e-06
3.628711e-06 2.015890e-06
3.626958e-06 1.997575e-06
3.631903e-06 1.997369e-06
3.611728e-06 1.994426e-06
3.604613e-06 1.997676e-06
3.628536e-06 2.004487e-06
3.627983e-06 1.987742e-06
3.623337e-06 2.009153e-06
3.613990e-06 2.003688e-06
3.637233e-06 2.005276e-06
3.604617e-06 1.998938e-06
3.640100e-06 1.991034e-06
3.611808e-06 1.995693e-06
3.616943e-06 2.003928e-06
3.629670e-06 1.999612e-06
3.620401e-06 1.994580e-06
3.635102e-06 2.016922e-06
3.603442e-06 2.005841e-06
3.638795e-06 1.990317e-06
3.601921e-06 1.986773e-06
3.638635e-06 1.998700e-06
3.611818e-06 2.006370e-06
3.620687e-06 1.993568e-06
3.635920e-06 2.006060e-06
3.608387e-06 1.989303e-06
3.630850e-06 2.030556e-06
3.627400e-06 1.990195e-06
3.628516e-06 1.983694e-06
3.596972e-06 2.001485e-06
3.629617e-06 2.001011e-06
3.618809e-06 2.006481e-06
3.618713e-06 1.984587e-06
3.624969e-06 2.024174e-06
3.633420e-06 1.985993e-06
3.635967e-06 2.014162e-06
3.597429e-06 1.988655e-06
3.626037e-06 1.998535e-06
3.619563e-06 1.990601e-06
3.618627e-06 2.003352e-06
3.630581e-06 2.009444e-06
3.612528e-06 1.996261e-06
3.626606e-06 2.016934e-06
3.628072e-06 1.991942e-06
3.637296e-06 1.989497e-06
3.590528e-06 1.989780e-06
3.626406e-06 2.013944e-06
3.623371e-06 1.999138e-06
3.618122e-06 1.984304e-06
3.645492e-06 2.024841e-06
3.612683e-06 1.977834e-06
3.630940e-06 2.026851e-06
3.617825e-06 1.988105e-06
3.620585e-06 1.994990e-06
3.606288e-06 1.991927e-06
3.634910e-06 2.005218e-06
3.613911e-06 2.004051e-06
3.630614e-06 1.986161e-06
3.618423e-06 2.026358e-06
3.635797e-06 1.980504e-06
3.625725e-06 2.009092e-06
3.603301e-06 1.989502e-06
3.618946e-06 2.008431e-06
3.609081e-06 1.994997e-06
3.629690e-06 1.989640e-06
3.640027e-06 2.016166e-06
3.612686e-06 1.988887e-06
3.623111e-06 2.027568e-06
3.627766e-06 1.972228e-06
3.629182e-06 2.006272e-06
3.618100e-06 1.983958e-06
3.613117e-06 2.018537e-06
3.624952e-06 1.997140e-06
3.621932e-06 1.986967e-06
3.622349e-06 2.023791e-06
3.627210e-06 1.987707e-06
3.623586e-06 2.011415e-06
3.619574e-06 1.979726e-06
3.622719e-06 2.017301e-06
3.606205e-06 1.981221e-06
3.615538e-06 2.004876e-06
3.632043e-06 2.012618e-06
3.629557e-06 1.976565e-06
3.624639e-06 2.031355e-06
3.612193e-06 1.982318e-06
3.620479e-06 2.008342e-06
3.616816e-06 1.980644e-06
3.630743e-06 2.020335e-06
3.618611e-06 1.992818e-06
3.616489e-06 1.985381e-06
3.646920e-06 2.023921e-06
3.617388e-06 1.980129e-06
3.614503e-06 2.016646e-06
3.624566e-06 1.972475e-06
3.623965e-06 2.021513e-06
3.616683e-06 1.989456e-06
3.618331e-06 2.006983e-06
3.616310e-06 2.005809e-06
3.623258e-06 1.986329e-06
3.631929e-06 2.018321e-06
3.624059e-06 1.980222e-06
3.613956e-06 2.016268e-06
3.616374e-06 1.971418e-06
3.629545e-06 2.023138e-06
3.622505e-06 1.998088e-06
3.614341e-06 1.989923e-06
3.636561e-06 2.023858e-06
3.626471e-06 1.977965e-06
3.609970e-06 2.015671e-06
3.624376e-06 1.986961e-06
3.617128e-06 2.019214e-06
3.627722e-06 1.967272e-06
3.618657e-06 2.017473e-06
3.615939e-06 2.001473e-06
3.618615e-06 1.989115e-06
3.634688e-06 2.015658e-06
3.638199e-06 1.983492e-06
3.606029e-06 2.020802e-06
3.609108e-06 1.968136e-06
3.634714e-06 2.027577e-06
3.614162e-06 1.980861e-06
3.617032e-06 2.006702e-06
3.640835e-06 2.013270e-06
3.619950e-06 1.988631e-06
3.627304e-06 2.009743e-06
3.621665e-06 1.982792e-06
3.600019e-06 2.015936e-06
3.619117e-06 1.974917e-06
3.622491e-06 2.017612e-06
3.631152e-06 2.004600e-06
3.620534e-06 1.991072e-06
3.632663e-06 2.014120e-06
3.621675e-06 1.982136e-06
3.605915e-06 2.013616e-06
3.637192e-06 1.979524e-06
3.622270e-06 2.019451e-06
3.608299e-06 1.976073e-06
3.614896e-06 2.007875e-06
3.642013e-06 2.015260e-06
3.634852e-06 1.989592e-06
3.611550e-06 2.009120e-06
3.621874e-06 1.980951e-06
3.595323e-06 2.020749e-06
3.640167e-06 1.976568e-06
3.612920e-06 2.029864e-06
3.626230e-06 1.976631e-06
3.624125e-06 1.998499e-06
3.634882e-06 2.023959e-06
3.620529e-06 1.987534e-06
3.616867e-06 2.002052e-06
3.622287e-06 1.979299e-06
3.615666e-06 2.018762e-06
3.609637e-06 1.977115e-06
3.621448e-06 2.026541e-06
3.644361e-06 1.992963e-06
3.633850e-06 1.998341e-06
3.617530e-06 2.017339e-06
3.618767e-06 1.976624e-06
3.601480e-06 2.019629e-06
3.634242e-06 1.974272e-06
3.619084e-06 2.019178e-06
3.602463e-06 1.984210e-06
3.629325e-06 2.009086e-06
3.642035e-06 2.005259e-06
3.637033e-06 1.988747e-06
3.615608e-06 2.010784e-06
3.598559e-06 1.983795e-06
3.616669e-06 2.014344e-06
3.639027e-06 1.979221e-06
3.608033e-06 2.022804e-06
3.627755e-06 1.987281e-06
3.637218e-06 1.998485e-06
3.631713e-06 2.020645e-06
3.605938e-06 1.975972e-06
3.619664e-06 2.016435e-06
3.619701e-06 1.982738e-06
3.610959e-06 2.012620e-06
3.628220e-06 1.978827e-06
3.614242e-06 2.018875e-06
3.639637e-06 1.999187e-06
3.634837e-06 1.992854e-06
3.608259e-06 2.014135e-06
3.616424e-06 1.987754e-06
3.615976e-06 2.015243e-06
3.640119e-06 1.977444e-06
3.600022e-06 2.012144e-06
3.629567e-06 1.996065e-06
3.636969e-06 2.006162e-06
3.630188e-06 2.000884e-06
3.610503e-06 1.985616e-06
3.625460e-06 2.015418e-06
3.608084e-06 1.991943e-06
3.618863e-06 2.008153e-06
3.623804e-06 1.982867e-06
3.607082e-06 2.016253e-06
3.647458e-06 1.993258e-06
3.628859e-06 2.002899e-06
3.617328e-06 2.001745e-06
3.628649e-06 1.982131e-06
3.615649e-06 2.022121e-06
3.622984e-06 1.982861e-06
3.601502e-06 2.010204e-06
3.626945e-06 1.995280e-06
3.635243e-06 2.006793e-06
3.631449e-06 1.996820e-06
3.617863e-06 1.994380e-06
3.612202e-06 2.012306e-06
3.620688e-06 1.984713e-06
3.623929e-06 2.015747e-06
3.613933e-06 1.986035e-06
3.608990e-06 2.003853e-06
3.647420e-06 1.993617e-06
3.625871e-06 2.012431e-06
3.609105e-06 1.980957e-06
3.615853e-06 2.002435e-06
3.613919e-06 1.995652e-06
3.596621e-06 2.010094e-06
3.628389e-06 2.018542e-06
3.572134e-06 1.976744e-06
3.585886e-06 2.020808e-06
3.641894e-06 1.978063e-06
3.537743e-06 2.021740e-06
3.596102e-06 1.952805e-06
3.593609e-06 1.991859e-06
3.567619e-06 2.008678e-06
3.543073e-06 2.029648e-06
3.398048e-06 1.994430e-06
3.501700e-06 1.986931e-06
3.616713e-06 1.991102e-06
3.084041e-06 1.964273e-06
3.631654e-06 2.399808e-06
2.676352e-06 1.974526e-06
3.516966e-06 2.191642e-06
3.826555e-06 1.832912e-06
0.000000e+00 3.585869e-14
