0.0905937
0.169863
0.577535
1.46082
2.53662
5.18649
8.6517
14.6988
19.908
26.091
33.1913
37.7436
46.5652
52.2952
61.9548
65.9069
73.313
78.624
83.9804
90.3333
92.0999
97.6601
97.3656
100.253
98.3169
99.9702
99.5172
99.5965
100.061
98.4075
100.502
98.8264
101.069
98.6679
99.5285
100.378
98.7925
100.163
99.1096
100.468
99.3587
100.219
98.4075
99.6984
100.842
98.4414
100.253
98.7472
101.046
99.336
99.5399
99.2681
99.6758
100.287
98.6113
100.661
98.9284
100.842
98.532
99.857
99.6418
99.019
100.423
98.7132
100.944
98.8831
100.582
98.5773
99.9475
99.6758
99.2907
100.446
98.8717
100.412
99.2341
100.457
98.6566
99.2115
100.072
99.5625
100.208
99.1209
100.367
98.9284
99.7777
99.5738
99.3134
100.718
98.4301
100.729
98.6566
100.944
98.6679
99.7097
99.3813
99.7211
100.604
98.3961
101.046
98.7698
100.106
99.2228
99.1435
100.389
98.7472
100.616
99.0869
100.695
98.8604
99.9589
98.7245
100.061
100.049
99.1435
100.514
99.0076
99.9589
99.019
100.106
99.3587
99.5852
99.8796
99.2681
100.65
98.8378
100.344
98.8264
99.7211
99.9475
98.8717
100.333
99.3134
100.616
98.9623
99.4153
99.3587
100.061
99.8909
99.4266
100.582
98.6566
100.174
98.917
99.9136
99.7097
99.2907
99.7664
99.2794
100.695
99.0982
99.9475
98.6566
100.378
100.061
99.0416
99.7324
99.5738
100.333
99.0416
99.7437
99.5625
99.6758
99.5852
99.5059
100.174
99.37
99.9589
98.7925
100.299
99.6305
99.4606
99.9249
99.2568
99.8796
99.857
99.6644
99.2568
99.6644
99.4493
99.7437
99.6078
99.9702
99.8683
99.0076
100.446
98.9284
99.3813
100.231
99.3134
99.8117
99.8796
99.7437
98.8491
100.174
99.4833
99.5625
99.7437
99.7664
99.3813
99.7664
100.072
98.985
99.8683
99.5738
99.9475
99.5965
99.6871
99.37
99.7211
100.038
99.4833
98.8491
100.208
99.8909
99.2681
99.9928
99.0529
100.015
99.8343
99.1662
99.4719
99.8796
100.185
99.3587
99.9589
99.438
99.2794
99.4266
99.7777
99.8117
99.6305
99.8909
99.2907
100.185
99.9702
98.8378
99.6305
99.5399
100.412
98.7925
99.9589
99.5172
99.7777
99.9249
99.9702
99.3021
99.1775
100.151
98.7585
100.242
98.9623
99.8909
99.7777
100.049
99.9475
99.5399
100.151
98.7359
99.9475
98.8491
99.4266
99.7777
99.4493
100.593
99.37
100.955
99.0076
99.857
99.0869
99.0529
99.1888
99.1322
100.616
99.2568
101.374
99.2907
100.015
99.6758
99.0643
99.2454
98.3735
99.9928
98.8491
100.808
99.5965
101.012
100.706
99.1096
99.5512
98.0338
99.4153
97.9658
99.8003
99.7777
101.103
101.272
100.061
100.842
98.3848
99.5625
97.1391
98.6113
98.9284
99.9362
101.431
100.299
102.416
99.4719
101.035
97.2411
98.0904
97.5468
97.8979
100.174
99.336
103.719
100.265
102.801
99.5172
99.3247
97.0712
96.1992
98.3169
97.309
101.329
101.386
103.73
102.314
101.284
99.2907
97.0032
96.6975
94.4666
98.0451
99.1322
102.733
103.764
103.617
103.639
99.5285
98.532
94.1042
94.41
95.282
98.7698
102.178
103.662
106.719
102.711
103.503
98.1017
95.0555
91.9979
93.0284
97.3656
99.4719
106.414
104.421
108.203
103.062
101.805
94.7158
91.3751
91.0014
92.5189
99.6191
103.469
109.347
106.561
108.01
103.141
97.0032
91.2052
86.9473
89.6878
95.599
104.33
107.58
111.045
110.4
105.372
101.34
91.7035
85.4186
84.5013
90.9674
101.952
107.716
112.087
112.178
110.706
103.99
96.3917
83.2896
80.9342
85.0109
96.7994
108.735
112.223
114.544
113.106
109.777
100.559
86.3358
76.212
78.4882
89.3141
107.048
113.605
115.983
115.835
114.012
106.312
91.2732
76.7895
71.1048
80.1075
101.737
114.488
117.409
117.092
118.134
112.37
100.559
76.6989
67.3111
71.5351
91.3298
115.122
117.353
118.746
120.841
117.206
107.976
85.8602
65.6578
62.9626
78.2503
109.958
120.954
117.851
122.041
121.418
116.266
96.0407
67.5829
58.0593
66.3146
99.0643
121.214
120.354
120.694
124.068
120.603
110.105
75.4419
55.851
57.2326
80.368
121.226
120.592
121.35
125.597
124.736
117.693
89.2575
57.8894
52.4198
66.0542
107.897
125.676
119.493
124.102
127.601
124.34
105.972
64.6953
48.2978
55.0017
90.288
126.435
121.475
120.841
129.266
127.907
118.757
77.2198
51.344
49.5435
69.0551
117.636
127.884
116.141
127.363
131.519
128.145
95.4292
55.2848
46.0329
56.372
98.4867
131.972
118.406
121.588
131.202
131.236
114.363
68.0585
48.0713
46.9276
77.2425
123.989
128.96
112.857
130.308
134.169
124.883
86.0754
51.6951
45.7725
60.6752
106.618
132.935
115.45
122.856
133.411
131.553
107.965
61.8302
45.2742
49.0905
86.0641
127.556
127.85
113.05
131.701
132.992
121.475
79.2016
49.5887
46.7917
65.8503
113.344
131.429
114.465
125.642
132.686
131.474
100.31
56.7457
44.5834
53.9146
93.991
129.923
124.091
114.986
131.497
130.659
118.768
74.0151
48.411
47.8448
71.5238
120.671
127.046
117.16
124.725
131.871
128.281
93.1643
54.9678
47.0634
59.4408
101.374
128.734
119.901
120.173
128.247
127.85
113.593
70.2101
49.6567
51.6724
80.5265
122.709
123.309
119.369
125.586
126.571
121.792
87.9439
56.4512
52.7369
66.5751
107.999
122.426
120.388
121.18
124.782
123.264
106.436
68.8852
54.2996
60.5053
89.7784
121.101
117.455
119.629
124.431
121.803
114.907
83.8558
61.5358
60.1542
76.0421
109.335
119.04
117.976
120.422
121.271
117.568
99.8343
69.4514
62.4191
70.7084
98.2036
113.242
116.99
117.432
120.116
118.032
105.961
84.037
67.5829
70.2894
85.8715
108.033
113.944
114.805
118.61
116.424
111.136
93.6739
75.3174
72.7241
81.6589
98.1696
110.434
113.639
115.348
115.632
111.464
101.227
84.3541
76.3705
79.8357
92.3377
105.496
110.355
112.608
113.888
112.2
104.896
91.7601
82.8027
80.8776
88.5894
99.9022
106.38
111.362
111.023
111.34
106.289
97.0712
89.2235
83.5161
87.6381
96.3125
102.337
107.874
109.766
110.422
105.847
102.19
92.0319
88.7932
88.9857
92.3603
101.182
103.186
108.78
106.81
107.58
102.575
96.5956
92.4622
89.7218
93.7419
95.9614
104.104
103.685
107.025
105.621
103.594
99.7097
94.2175
93.572
92.3603
96.9127
99.5738
103.571
105.055
104.545
104.16
99.3247
98.8038
93.2776
95.2933
95.2706
99.0869
101.839
101.929
105.802
101.159
103.005
97.762
97.4336
95.1348
96.471
98.9284
98.4414
103.662
100.514
104.126
100.91
100.287
97.9998
96.4484
98.0111
96.1992
100.944
99.3587
102.484
101.601
101.703
100.797
98.0677
98.9737
96.2672
99.1322
97.9658
100.842
100.333
101.284
102.178
99.1209
100.944
97.1618
99.3134
97.4902
99.2341
99.5512
100.389
101.454
99.2907
101.952
98.3395
100.536
97.7393
98.8831
99.5738
98.3961
101.306
98.4754
101.805
99.5625
100.434
99.2794
99.2568
99.4493
97.7053
100.876
97.9092
101.272
99.4946
100.446
100.502
99.2001
100.457
97.275
100.865
97.8073
100.638
99.0756
100.287
100.536
99.0756
100.82
98.3282
100.638
98.147
99.7211
99.9136
99.2568
100.616
98.7925
101.182
98.3282
100.48
99.019
99.3247
100.14
98.951
100.434
98.4301
101.386
98.3735
100.74
98.9623
99.857
99.5852
99.1435
100.367
98.6
100.57
98.6
100.446
100.265
99.0756
100.129
98.5773
100.706
98.6792
100.174
99.0643
99.9928
100.004
99.1096
100.389
98.7585
101.182
98.0904
99.9475
100.049
99.0756
99.9136
99.3021
100.921
98.3735
100.559
98.7132
100.151
99.6418
99.1775
99.823
99.3134
100.559
98.985
99.789
99.438
99.6305
99.8909
99.3587
100.389
98.6792
100.786
98.7585
99.6871
99.6644
99.755
99.8343
99.2341
100.276
98.7019
100.774
98.7359
99.8683
99.8456
99.2001
100.253
99.1888
100.389
98.985
100.072
99.438
99.4493
99.3247
99.5059
100.276
99.2341
100.253
99.336
99.6644
99.3927
99.755
99.6531
99.4946
100.265
98.8831
100.287
99.8343
98.985
99.2228
100.174
100.287
98.8378
99.9815
99.3474
100.129
99.6078
99.5738
99.2228
99.7664
99.823
99.2341
100.14
99.8117
99.0643
99.4606
99.9702
100.208
99.0643
99.7437
99.3474
100.287
99.6984
99.1775
99.0303
100.129
99.8003
99.37
99.9702
99.3927
99.6871
100.061
99.1662
99.4833
100.083
99.5738
99.4493
99.7437
99.857
99.2681
99.8456
99.5172
99.4266
100.061
99.857
99.6418
99.2454
100.174
99.2568
99.2454
100.174
99.5965
99.5965
99.6871
99.7097
99.2341
99.9815
99.5852
99.2341
100.389
99.37
99.8343
99.2228
100.219
99.1435
99.6418
99.789
99.3474
99.8003
99.5285
100.197
98.8264
100.083
99.7777
99.1775
99.7664
99.336
100.604
99.0869
100.242
98.6679
99.9475
99.7437
99.5059
99.8796
99.2568
100.514
99.3927
99.37
99.2454
99.9475
100.117
98.498
100.401
99.1548
100.616
98.951
99.9249
99.3247
99.6871
100.049
99.0756
100.718
99.2794
99.37
99.0303
100.276
99.5512
99.4493
100.072
98.6679
101.125
98.7925
100.174
98.8378
99.8003
100.355
98.4301
100.718
98.7245
100.48
99.3927
100.015
98.566
99.7777
100.514
98.951
100.457
98.8151
100.491
98.985
99.7211
99.336
99.3813
100.57
98.8038
100.752
99.0529
100.468
98.7811
98.8378
100.661
99.0643
100.514
98.7585
100.797
99.019
99.5852
99.2681
99.4946
101.035
98.2036
100.559
98.7811
101.171
98.3169
99.6418
99.8796
99.6191
100.242
98.532
100.763
99.1888
99.8683
99.0869
99.37
100.536
98.6679
100.672
98.5547
101.329
98.3961
99.6531
100.231
98.9737
100.14
98.5886
101.171
99.0303
100.299
98.7925
99.2681
100.695
98.5773
100.287
98.6226
101.284
99.1662
99.5399
99.5285
99.7777
99.8456
98.7132
100.729
98.7245
100.842
98.7245
99.4153
100.842
98.3735
99.6984
99.5625
100.978
98.8604
99.789
98.9057
99.9815
100.333
98.3055
100.582
99.0303
101.08
98.6906
99.7777
99.9249
98.8717
100.253
98.7132
100.967
98.5094
100.423
99.2341
99.3134
100.604
98.7019
100.276
99.0529
100.684
98.5547
100.174
99.9136
99.0643
100.265
98.4075
101.012
98.3282
99.2568
97.4902
96.437
93.64
88.4082
83.3802
76.2686
70.8896
64.2423
57.7422
50.3814
42.8848
35.4335
29.3071
22.7617
18.1301
11.7772
7.59855
4.12202
2.06101
1.00786
0.260457
0.192512
0.0566211
0.0113242
