0.117147
0.175721
0.538877
1.44091
2.46009
5.27162
8.09486
11.9021
17.2323
22.8788
29.6616
37.6511
46.0388
54.45
62.8494
71.0028
78.594
84.7793
90.625
95.8849
99.7976
103.23
107.225
106.99
111.114
109.697
109.65
110.235
110.681
108.619
109.439
108.466
105.503
107.236
105.714
104.284
103.663
103.781
102.211
101.274
101.883
100.91
99.6219
99.001
99.0947
99.6453
98.8721
98.0638
97.6538
97.6889
98.0052
97.8647
96.2246
97.771
95.9317
98.017
96.9744
96.0489
96.2832
96.1543
97.1618
96.3183
95.9317
96.6112
95.9083
96.5761
96.4706
96.6581
96.5175
95.1586
96.7166
96.3183
96.248
96.9744
95.3226
97.0212
96.1192
96.7518
96.3066
96.0723
97.3141
95.6154
97.2555
96.5761
95.6389
97.4195
95.8263
97.8178
96.8103
95.2874
97.8178
95.592
98.0287
96.1192
96.1778
98.2513
94.6548
98.3567
96.1778
97.7944
96.4472
96.2129
98.4738
95.2289
98.1224
96.6346
96.5526
98.6613
94.9946
99.1064
95.8029
97.8061
97.2555
96.5643
99.5047
95.0414
98.6378
96.5995
97.8061
98.5324
96.6112
98.7198
96.5526
98.4504
97.7124
98.2864
99.2704
96.5878
98.755
96.9158
99.4696
99.2001
97.8647
98.4387
97.8764
99.7976
97.6069
99.4462
99.3642
98.4855
98.837
98.3333
100.067
98.6144
99.2001
99.4696
98.1458
99.6453
99.0244
99.6336
98.8487
99.4813
100.172
97.8764
99.4344
99.3876
99.6102
99.0244
99.3524
99.821
97.9467
99.7976
99.3173
99.165
99.575
97.8178
100.266
98.5207
99.5516
98.9659
98.6964
99.0127
98.0052
100.114
98.1341
99.3056
99.0947
98.4504
99.2821
97.9467
100.711
97.6304
99.1064
99.3407
98.3684
99.6687
97.8178
100.512
98.263
99.0127
99.3759
98.6613
100.77
97.4898
100.782
98.6964
99.4462
99.3524
99.5399
100.43
98.5441
100.524
99.2001
99.8445
100.09
99.9147
100.875
99.0361
101.578
99.821
100.02
100.934
100.313
100.992
99.9147
101.391
100.254
100.559
101.11
100.36
101.285
100.149
101.215
101.473
100.477
101.602
100.407
101.438
100.407
101.473
101.157
101.379
101.52
100.606
101.555
100.43
102.047
100.536
101.262
101.25
100.793
101.496
100.746
101.789
100.992
100.946
101.074
100.735
101.262
100.582
101.274
100.84
100.992
101.285
100.547
101.731
99.657
101.426
99.5516
100.735
100.477
100.29
101.93
99.9382
101.215
99.739
100.688
100.161
99.1767
101.11
99.0361
100.723
99.7625
100.875
100.536
99.8327
101.086
98.755
100.231
98.9307
100.442
98.9893
100.032
101.461
100.126
100.5
100.442
101.004
99.0947
99.2587
99.9147
98.8956
100.43
100.899
100.981
101.578
101.672
101.485
99.4344
100.008
98.9776
100.008
100.852
101.051
102.492
101.531
102.457
101.754
101.285
101.051
99.9265
99.6922
99.575
101.356
102.656
102.574
103.956
102.738
102.996
99.9499
100.582
98.9893
99.5633
101.754
101.824
104.015
103.523
105.069
102.972
102.012
100.372
98.5207
99.9733
99.4227
101.965
103.277
104.847
105.725
104.636
103.136
100.817
99.9499
96.6229
98.7784
100.629
102.281
106.311
105.889
107.342
103.71
103.535
97.5484
97.3609
96.8455
98.2044
102.375
103.909
107.892
107.447
107.658
103.253
100.618
96.4472
94.5025
96.1075
98.3098
104.214
107.728
109.638
109.029
106.018
102.89
96.7986
93.2725
91.3982
94.7486
102.562
105.807
111.337
109.825
109.814
105.55
100.172
90.1798
89.8752
90.7538
95.8732
106.147
109.825
112.075
111.805
110.107
101.051
95.6037
87.0051
83.9242
90.9647
100.711
107.752
114.113
113.668
112.754
107.998
99.9147
85.8219
82.1904
83.1393
91.8667
107.436
112.403
116.362
115.167
113.234
105.784
93.1436
80.5152
75.595
83.6079
100.489
111.875
117.358
117.955
117.627
113.762
101.918
83.725
73.8612
74.283
87.4151
110.88
117.944
120.228
120.708
118.201
113.012
94.2097
73.2872
67.1018
77.0359
102.035
118.319
121.985
121.493
123.696
119.795
105.327
80.644
65.8249
65.1923
85.5174
117.452
124.422
121.739
125.429
124.117
118.529
92.0307
65.8367
59.3233
71.4129
106.908
125.031
124.891
124.258
127.679
123.192
109.767
73.3692
57.6012
58.1401
86.7006
125.535
126.941
124.035
127.819
129.096
121.4
87.6143
58.187
53.7119
68.8708
111.852
130.83
125.289
126.577
130.314
128.475
108.736
65.8601
49.1081
55.9846
90.8241
130.689
130.326
121.388
131.884
132.985
122.548
81.921
51.6501
50.2678
68.8356
119.08
134.051
122.161
127.843
134.145
133.161
102.668
58.4095
46.2614
55.762
97.6772
135.176
128.311
119.162
136.277
134.743
121.528
73.4864
49.4244
48.1006
73.6504
123.45
134.871
116.784
132.388
137.496
132.985
94.1042
55.024
46.1325
58.0229
103.699
135.691
120.65
125.664
137.261
135.82
115.472
68.6248
49.0026
47.9249
79.0391
126.894
130.631
117.358
134.989
138.948
128.346
86.642
55.8323
46.4488
60.6939
105.667
134.977
114.687
131.99
137.203
133.723
110.528
66.9847
49.5064
48.5692
80.07
126.484
121.364
124.527
135.691
135.024
124.152
86.0094
58.0229
47.55
60.237
102.586
121.728
123.918
131.275
131.814
128.253
110.013
78.758
51.5096
50.2795
74.4821
115.823
124.996
124.926
129.412
131.697
120.228
103.078
63.9623
51.7439
58.9953
94.4323
123.696
124.012
127.761
129.143
127.034
118.529
82.987
55.27
54.0868
75.677
116.257
123.789
123.848
128.358
127.96
122.114
103.605
67.137
56.4883
63.9974
97.6304
123.942
122.536
124.07
127.257
124.891
117.534
79.9763
62.0177
62.7908
82.823
113.89
121.06
122.887
125.043
125.019
118.963
99.9265
71.6354
63.2243
74.201
101.121
120.825
117.803
122.43
124.199
121.06
109.275
82.9753
70.874
72.1509
89.8401
110.938
118.319
119.584
121.376
120.415
113.762
96.0957
78.4651
73.8612
84.0413
103.347
112.988
116.69
119.502
119.853
114.792
103.488
87.8837
77.9731
83.4907
94.4088
109.041
113.586
116.842
117.733
115.062
108.092
96.0606
83.7836
84.5216
90.9764
102
111.231
112.965
115.823
114.382
110.716
100.407
91.3982
87.9189
89.0318
98.4973
105.948
111.243
112.789
113.445
111.044
103.722
97.8998
89.6409
91.9956
95.7912
101.941
108.876
110.025
111.969
109.544
107.19
99.739
95.6974
92.9093
94.8423
101.262
103.511
109.603
107.974
110.856
106.662
103.242
98.0052
94.772
97.3024
97.7944
103.617
105.386
108.174
107.834
107.166
104.753
99.739
98.8838
96.166
99.5984
100.348
104.765
105.889
106.252
107.74
103.382
103.804
98.0287
99.4813
98.8721
99.7976
103.207
103.464
107.213
104.308
105.995
102.047
101.895
99.5633
98.8253
101.203
100.7
103.909
103.125
106.159
103.699
103.523
102.562
100.231
101.321
98.8721
102.246
100.91
104.273
103.956
103.535
104.027
101.52
102.363
99.3993
101.297
100.77
101.332
102.773
102.281
103.71
100.864
103.101
99.9967
100.594
99.8679
99.3993
101.25
99.411
102.597
100.899
101.906
102.328
101.414
101.684
100.126
101.988
100.196
102.269
102.925
102.48
102.761
102.422
103.359
101.168
102.48
101.496
101.555
102.515
102.059
102.949
101.93
103.734
101.59
102.351
102.398
102.105
102.152
101.918
103.066
101.426
102.89
102.867
102.48
103.113
102.023
103.019
101.063
103.242
101.684
102.633
102.691
102.621
102.914
102.48
103.3
101.157
102.551
102.246
102.129
103.207
101.59
103.242
101.637
102.375
102.211
102.387
101.801
102.363
102.105
101.895
103.078
101.016
102.679
102.644
102.023
102.621
102.094
103.289
101.133
102.961
102.715
102.668
102.492
102.797
103.371
102.035
103.23
102.141
103.007
102.984
102.34
103.043
102.914
103.476
101.567
103.839
102.703
102.785
102.937
102.351
103.757
101.859
103.417
102.164
103.324
102.691
102.75
102.586
102.879
103.558
102.07
103.359
102.679
102.726
102.879
102.691
102.949
102.726
103.324
102.059
103.242
103.066
102.644
102.433
102.574
103.71
101.848
103.218
102.89
102.949
102.726
103.031
102.527
101.965
104.448
102.047
103.312
102.422
102.633
102.281
102.644
103.769
101.672
103.488
102.715
103.253
102.211
103.218
102.433
102.059
103.874
102.48
102.937
102.738
102.914
102.117
102.199
104.343
101.426
103.675
102.679
103.007
102.562
102.621
102.48
102.34
103.769
102.269
103.043
102.41
102.879
102.492
102.328
103.593
101.66
103.417
101.918
103.71
102.504
102.797
102.246
102.023
103.511
101.789
103.277
103.089
101.859
102.914
102.035
102.914
101.906
103.535
101.801
103.312
102.586
102.457
102.152
102.504
102.972
101.965
103.078
102.234
102.422
102.82
102.387
102.305
101.953
102.808
101.918
103.265
102.914
102
102.176
102.164
102.562
101.953
103.335
101.871
102.398
102.469
102.141
102.328
101.344
102.961
102.281
102.691
102.539
101.356
102.223
102.223
101.859
102.07
103.101
101.777
101.941
102.105
101.836
102.141
101.227
103.335
101.555
102.773
101.649
101.25
102.293
101.637
101.801
101.836
102.644
101.321
101.613
101.742
101.063
101.824
101.426
102.996
101.25
101.543
101.59
100.629
102.246
101.168
102.141
100.817
101.473
101.871
100.008
102.152
100.688
101.66
100.454
101.508
101.754
99.7507
101.25
100.231
101.836
100.43
100.254
101.918
99.3759
101.391
99.7039
100.934
100.793
99.7156
101.285
99.1767
100.817
99.6922
100.02
100.243
99.0947
100.84
99.165
100.325
98.5676
99.9616
99.083
99.2353
99.4813
98.755
100.336
97.6304
99.247
98.2513
98.509
99.4344
97.1501
99.3642
97.2789
97.9467
98.2864
96.7166
100.266
95.0883
98.2513
96.8572
96.5292
98.6378
94.854
98.7784
95.3694
96.0137
97.0446
94.7017
97.3024
94.8657
95.4983
94.8306
95.346
95.1469
94.1628
95.0649
93.6239
93.8934
93.9637
93.4951
94.3971
92.0776
93.0616
92.0307
93.3662
91.7847
91.3279
91.8667
90.4141
91.2927
91.0467
90.1095
89.3949
89.6292
89.9924
88.6218
88.7975
88.3289
87.38
88.3406
87.0989
86.888
85.3651
87.1574
85.0253
85.0605
84.2873
84.5333
83.725
82.5184
83.6079
82.085
81.8389
81.7687
81.2415
80.2457
80.398
79.0743
78.1605
80.3629
77.3991
76.251
79.66
75.7707
74.775
77.4342
75.1264
73.4395
76.0519
73.3809
71.2371
73.8261
71.3191
69.0933
70.2062
67.5353
65.5555
65.6727
62.0177
61.0102
58.3158
54.4617
52.0367
48.5692
45.0665
41.8684
37.2176
34.0429
30.0951
26.1355
22.422
20.1024
16.4592
13.2962
10.8595
8.35259
6.3728
4.83817
2.99897
2.09693
1.10118
0.667738
0.281153
0.105432
0.0702882
0.0117147
0.0234294
0.0117147
