?columns zpos prad0 zrayl zwaist
868
-1.300000e-05 2.280266e-17 2.500000e+00 0.000000e+00
-1.297002e-05 2.899309e-17 2.500000e+00 0.000000e+00
-1.294004e-05 3.684364e-17 2.500000e+00 0.000000e+00
-1.291006e-05 4.679396e-17 2.500000e+00 0.000000e+00
-1.288008e-05 5.939860e-17 2.500000e+00 0.000000e+00
-1.285010e-05 7.535669e-17 2.500000e+00 0.000000e+00
-1.282012e-05 9.554910e-17 2.500000e+00 0.000000e+00
-1.279015e-05 1.210851e-16 2.500000e+00 0.000000e+00
-1.276017e-05 1.533606e-16 2.500000e+00 0.000000e+00
-1.273019e-05 1.941315e-16 2.500000e+00 0.000000e+00
-1.270021e-05 2.456052e-16 2.500000e+00 0.000000e+00
-1.267023e-05 3.105547e-16 2.500000e+00 0.000000e+00
-1.264025e-05 3.924623e-16 2.500000e+00 0.000000e+00
-1.261027e-05 4.956978e-16 2.500000e+00 0.000000e+00
-1.258029e-05 6.257418e-16 2.500000e+00 0.000000e+00
-1.255031e-05 7.894644e-16 2.500000e+00 0.000000e+00
-1.252033e-05 9.954721e-16 2.500000e+00 0.000000e+00
-1.249035e-05 1.254541e-15 2.500000e+00 0.000000e+00
-1.246037e-05 1.580155e-15 2.500000e+00 0.000000e+00
-1.243039e-05 1.989178e-15 2.500000e+00 0.000000e+00
-1.240042e-05 2.502690e-15 2.500000e+00 0.000000e+00
-1.237044e-05 3.147019e-15 2.500000e+00 0.000000e+00
-1.234046e-05 3.955041e-15 2.500000e+00 0.000000e+00
-1.231048e-05 4.967773e-15 2.500000e+00 0.000000e+00
-1.228050e-05 6.236368e-15 2.500000e+00 0.000000e+00
-1.225052e-05 7.824577e-15 2.500000e+00 0.000000e+00
-1.222054e-05 9.811810e-15 2.500000e+00 0.000000e+00
-1.219056e-05 1.229693e-14 2.500000e+00 0.000000e+00
-1.216058e-05 1.540293e-14 2.500000e+00 0.000000e+00
-1.213060e-05 1.928276e-14 2.500000e+00 0.000000e+00
-1.210062e-05 2.412649e-14 2.500000e+00 0.000000e+00
-1.207064e-05 3.017021e-14 2.500000e+00 0.000000e+00
-1.204066e-05 3.770697e-14 2.500000e+00 0.000000e+00
-1.201068e-05 4.710035e-14 2.500000e+00 0.000000e+00
-1.198071e-05 5.880116e-14 2.500000e+00 0.000000e+00
-1.195073e-05 7.336801e-14 2.500000e+00 0.000000e+00
-1.192075e-05 9.149278e-14 2.500000e+00 0.000000e+00
-1.189077e-05 1.140318e-13 2.500000e+00 0.000000e+00
-1.186079e-05 1.420445e-13 2.500000e+00 0.000000e+00
-1.183081e-05 1.768406e-13 2.500000e+00 0.000000e+00
-1.180083e-05 2.200386e-13 2.500000e+00 0.000000e+00
-1.177085e-05 2.736369e-13 2.500000e+00 0.000000e+00
-1.174087e-05 3.401025e-13 2.500000e+00 0.000000e+00
-1.171089e-05 4.224780e-13 2.500000e+00 0.000000e+00
-1.168091e-05 5.245146e-13 2.500000e+00 0.000000e+00
-1.165093e-05 6.508340e-13 2.500000e+00 0.000000e+00
-1.162095e-05 8.071274e-13 2.500000e+00 0.000000e+00
-1.159098e-05 1.000399e-12 2.500000e+00 0.000000e+00
-1.156100e-05 1.239262e-12 2.500000e+00 0.000000e+00
-1.153102e-05 1.534308e-12 2.500000e+00 0.000000e+00
-1.150104e-05 1.898546e-12 2.500000e+00 0.000000e+00
-1.147106e-05 2.347950e-12 2.500000e+00 0.000000e+00
-1.144108e-05 2.902122e-12 2.500000e+00 0.000000e+00
-1.141110e-05 3.585104e-12 2.500000e+00 0.000000e+00
-1.138112e-05 4.426362e-12 2.500000e+00 0.000000e+00
-1.135114e-05 5.461996e-12 2.500000e+00 0.000000e+00
-1.132116e-05 6.736199e-12 2.500000e+00 0.000000e+00
-1.129118e-05 8.303051e-12 2.500000e+00 0.000000e+00
-1.126120e-05 1.022868e-11 2.500000e+00 0.000000e+00
-1.123122e-05 1.259391e-11 2.500000e+00 0.000000e+00
-1.120125e-05 1.549748e-11 2.500000e+00 0.000000e+00
-1.117127e-05 1.905989e-11 2.500000e+00 0.000000e+00
-1.114129e-05 2.342821e-11 2.500000e+00 0.000000e+00
-1.111131e-05 2.878173e-11 2.500000e+00 0.000000e+00
-1.108133e-05 3.533897e-11 2.500000e+00 0.000000e+00
-1.105135e-05 4.336607e-11 2.500000e+00 0.000000e+00
-1.102137e-05 5.318699e-11 2.500000e+00 0.000000e+00
-1.099139e-05 6.519584e-11 2.500000e+00 0.000000e+00
-1.096141e-05 7.987182e-11 2.500000e+00 0.000000e+00
-1.093143e-05 9.779721e-11 2.500000e+00 0.000000e+00
-1.090145e-05 1.196792e-10 2.500000e+00 0.000000e+00
-1.087147e-05 1.463759e-10 2.500000e+00 0.000000e+00
-1.084149e-05 1.789287e-10 2.500000e+00 0.000000e+00
-1.081152e-05 2.185998e-10 2.500000e+00 0.000000e+00
-1.078154e-05 2.669184e-10 2.500000e+00 0.000000e+00
-1.075156e-05 3.257364e-10 2.500000e+00 0.000000e+00
-1.072158e-05 3.972953e-10 2.500000e+00 0.000000e+00
-1.069160e-05 4.843059e-10 2.500000e+00 0.000000e+00
-1.066162e-05 5.900451e-10 2.500000e+00 0.000000e+00
-1.063164e-05 7.184719e-10 2.500000e+00 0.000000e+00
-1.060166e-05 8.743667e-10 2.500000e+00 0.000000e+00
-1.057168e-05 1.063498e-09 2.500000e+00 0.000000e+00
-1.054170e-05 1.292822e-09 2.500000e+00 0.000000e+00
-1.051172e-05 1.570725e-09 2.500000e+00 0.000000e+00
-1.048174e-05 1.907307e-09 2.500000e+00 0.000000e+00
-1.045176e-05 2.314730e-09 2.500000e+00 0.000000e+00
-1.042178e-05 2.807625e-09 2.500000e+00 0.000000e+00
-1.039181e-05 3.403589e-09 2.500000e+00 0.000000e+00
-1.036183e-05 4.123769e-09 2.500000e+00 0.000000e+00
-1.033185e-05 4.993565e-09 2.500000e+00 0.000000e+00
-1.030187e-05 6.043469e-09 2.500000e+00 0.000000e+00
-1.027189e-05 7.310062e-09 2.500000e+00 0.000000e+00
-1.024191e-05 8.837206e-09 2.500000e+00 0.000000e+00
-1.021193e-05 1.067746e-08 2.500000e+00 0.000000e+00
-1.018195e-05 1.289378e-08 2.500000e+00 0.000000e+00
-1.015197e-05 1.556151e-08 2.500000e+00 0.000000e+00
-1.012199e-05 1.877078e-08 2.500000e+00 0.000000e+00
-1.009201e-05 2.262935e-08 2.500000e+00 0.000000e+00
-1.006203e-05 2.726598e-08 2.500000e+00 0.000000e+00
-1.003205e-05 3.283442e-08 2.500000e+00 0.000000e+00
-1.000208e-05 3.951815e-08 2.500000e+00 0.000000e+00
-9.972096e-06 4.753605e-08 2.500000e+00 0.000000e+00
-9.942117e-06 5.714902e-08 2.500000e+00 0.000000e+00
-9.912138e-06 6.866788e-08 2.500000e+00 0.000000e+00
-9.882158e-06 8.246272e-08 2.500000e+00 0.000000e+00
-9.852179e-06 9.897394e-08 2.500000e+00 0.000000e+00
-9.822200e-06 1.187253e-07 2.500000e+00 0.000000e+00
-9.792221e-06 1.423393e-07 2.500000e+00 0.000000e+00
-9.762241e-06 1.705554e-07 2.500000e+00 0.000000e+00
-9.732262e-06 2.042516e-07 2.500000e+00 0.000000e+00
-9.702283e-06 2.444694e-07 2.500000e+00 0.000000e+00
-9.672304e-06 2.924440e-07 2.500000e+00 0.000000e+00
-9.642324e-06 3.496393e-07 2.500000e+00 0.000000e+00
-9.612345e-06 4.177888e-07 2.500000e+00 0.000000e+00
-9.582366e-06 4.989449e-07 2.500000e+00 0.000000e+00
-9.552387e-06 5.955354e-07 2.500000e+00 0.000000e+00
-9.522407e-06 7.104307e-07 2.500000e+00 0.000000e+00
-9.492428e-06 8.470226e-07 2.500000e+00 0.000000e+00
-9.462449e-06 1.009317e-06 2.500000e+00 0.000000e+00
-9.432470e-06 1.202041e-06 2.500000e+00 0.000000e+00
-9.402491e-06 1.430771e-06 2.500000e+00 0.000000e+00
-9.372511e-06 1.702080e-06 2.500000e+00 0.000000e+00
-9.342532e-06 2.023714e-06 2.500000e+00 0.000000e+00
-9.312553e-06 2.404792e-06 2.500000e+00 0.000000e+00
-9.282574e-06 2.856046e-06 2.500000e+00 0.000000e+00
-9.252594e-06 3.390095e-06 2.500000e+00 0.000000e+00
-9.222615e-06 4.021775e-06 2.500000e+00 0.000000e+00
-9.192636e-06 4.768512e-06 2.500000e+00 0.000000e+00
-9.162657e-06 5.650763e-06 2.500000e+00 0.000000e+00
-9.132677e-06 6.692533e-06 2.500000e+00 0.000000e+00
-9.102698e-06 7.921969e-06 2.500000e+00 0.000000e+00
-9.072719e-06 9.372057e-06 2.500000e+00 0.000000e+00
-9.042740e-06 1.108143e-05 2.500000e+00 0.000000e+00
-9.012760e-06 1.309532e-05 2.500000e+00 0.000000e+00
-8.982781e-06 1.546662e-05 2.500000e+00 0.000000e+00
-8.952802e-06 1.825718e-05 2.500000e+00 0.000000e+00
-8.922823e-06 2.153929e-05 2.500000e+00 0.000000e+00
-8.892843e-06 2.539734e-05 2.500000e+00 0.000000e+00
-8.862864e-06 2.992983e-05 2.500000e+00 0.000000e+00
-8.832885e-06 3.525165e-05 2.500000e+00 0.000000e+00
-8.802906e-06 4.149673e-05 2.500000e+00 0.000000e+00
-8.772926e-06 4.882108e-05 2.500000e+00 0.000000e+00
-8.742947e-06 5.740637e-05 2.500000e+00 0.000000e+00
-8.712968e-06 6.746398e-05 2.500000e+00 0.000000e+00
-8.682989e-06 7.923974e-05 2.500000e+00 0.000000e+00
-8.653009e-06 9.301935e-05 2.500000e+00 0.000000e+00
-8.623030e-06 1.091347e-04 2.500000e+00 0.000000e+00
-8.593051e-06 1.279709e-04 2.500000e+00 0.000000e+00
-8.563072e-06 1.499751e-04 2.500000e+00 0.000000e+00
-8.533092e-06 1.756653e-04 2.500000e+00 0.000000e+00
-8.503113e-06 2.056422e-04 2.500000e+00 0.000000e+00
-8.473134e-06 2.406010e-04 2.500000e+00 0.000000e+00
-8.443155e-06 2.813468e-04 2.500000e+00 0.000000e+00
-8.413175e-06 3.288104e-04 2.500000e+00 0.000000e+00
-8.383196e-06 3.840682e-04 2.500000e+00 0.000000e+00
-8.353217e-06 4.483636e-04 2.500000e+00 0.000000e+00
-8.323238e-06 5.231323e-04 2.500000e+00 0.000000e+00
-8.293258e-06 6.100310e-04 2.500000e+00 0.000000e+00
-8.263279e-06 7.109703e-04 2.500000e+00 0.000000e+00
-8.233300e-06 8.281522e-04 2.500000e+00 0.000000e+00
-8.203321e-06 9.641132e-04 2.500000e+00 0.000000e+00
-8.173341e-06 1.121773e-03 2.500000e+00 0.000000e+00
-8.143362e-06 1.304492e-03 2.500000e+00 0.000000e+00
-8.113383e-06 1.516131e-03 2.500000e+00 0.000000e+00
-8.083404e-06 1.761130e-03 2.500000e+00 0.000000e+00
-8.053424e-06 2.044585e-03 2.500000e+00 0.000000e+00
-8.023445e-06 2.372346e-03 2.500000e+00 0.000000e+00
-7.993466e-06 2.751124e-03 2.500000e+00 0.000000e+00
-7.963487e-06 3.188610e-03 2.500000e+00 0.000000e+00
-7.933507e-06 3.693617e-03 2.500000e+00 0.000000e+00
-7.903528e-06 4.276235e-03 2.500000e+00 0.000000e+00
-7.873549e-06 4.948008e-03 2.500000e+00 0.000000e+00
-7.843570e-06 5.722138e-03 2.500000e+00 0.000000e+00
-7.813590e-06 6.613716e-03 2.500000e+00 0.000000e+00
-7.783611e-06 7.639974e-03 2.500000e+00 0.000000e+00
-7.753632e-06 8.820585e-03 2.500000e+00 0.000000e+00
-7.723653e-06 1.017799e-02 2.500000e+00 0.000000e+00
-7.693673e-06 1.173778e-02 2.500000e+00 0.000000e+00
-7.663694e-06 1.352910e-02 2.500000e+00 0.000000e+00
-7.633715e-06 1.558516e-02 2.500000e+00 0.000000e+00
-7.603736e-06 1.794373e-02 2.500000e+00 0.000000e+00
-7.573757e-06 2.064777e-02 2.500000e+00 0.000000e+00
-7.543777e-06 2.374614e-02 2.500000e+00 0.000000e+00
-7.513798e-06 2.729430e-02 2.500000e+00 0.000000e+00
-7.483819e-06 3.135523e-02 2.500000e+00 0.000000e+00
-7.453840e-06 3.600040e-02 2.500000e+00 0.000000e+00
-7.423860e-06 4.131082e-02 2.500000e+00 0.000000e+00
-7.393881e-06 4.737829e-02 2.500000e+00 0.000000e+00
-7.363902e-06 5.430680e-02 2.500000e+00 0.000000e+00
-7.333923e-06 6.221401e-02 2.500000e+00 0.000000e+00
-7.303943e-06 7.123302e-02 2.500000e+00 0.000000e+00
-7.273964e-06 8.151428e-02 2.500000e+00 0.000000e+00
-7.243985e-06 9.322775e-02 2.500000e+00 0.000000e+00
-7.214006e-06 1.065653e-01 2.500000e+00 0.000000e+00
-7.184026e-06 1.217435e-01 2.500000e+00 0.000000e+00
-7.154047e-06 1.390064e-01 2.500000e+00 0.000000e+00
-7.124068e-06 1.586292e-01 2.500000e+00 0.000000e+00
-7.094089e-06 1.809216e-01 2.500000e+00 0.000000e+00
-7.064109e-06 2.062325e-01 2.500000e+00 0.000000e+00
-7.034130e-06 2.349539e-01 2.500000e+00 0.000000e+00
-7.004151e-06 2.675270e-01 2.500000e+00 0.000000e+00
-6.974172e-06 3.044471e-01 2.500000e+00 0.000000e+00
-6.944192e-06 3.462701e-01 2.500000e+00 0.000000e+00
-6.914213e-06 3.936203e-01 2.500000e+00 0.000000e+00
-6.884234e-06 4.471972e-01 2.500000e+00 0.000000e+00
-6.854255e-06 5.077851e-01 2.500000e+00 0.000000e+00
-6.824275e-06 5.762619e-01 2.500000e+00 0.000000e+00
-6.794296e-06 6.536106e-01 2.500000e+00 0.000000e+00
-6.764317e-06 7.409304e-01 2.500000e+00 0.000000e+00
-6.734338e-06 8.394501e-01 2.500000e+00 0.000000e+00
-6.704358e-06 9.505426e-01 2.500000e+00 0.000000e+00
-6.674379e-06 1.075740e+00 2.500000e+00 0.000000e+00
-6.644400e-06 1.216753e+00 2.500000e+00 0.000000e+00
-6.614421e-06 1.375488e+00 2.500000e+00 0.000000e+00
-6.584441e-06 1.554068e+00 2.500000e+00 0.000000e+00
-6.554462e-06 1.754861e+00 2.500000e+00 0.000000e+00
-6.524483e-06 1.980498e+00 2.500000e+00 0.000000e+00
-6.494504e-06 2.233908e+00 2.500000e+00 0.000000e+00
-6.464524e-06 2.518346e+00 2.500000e+00 0.000000e+00
-6.434545e-06 2.837427e+00 2.500000e+00 0.000000e+00
-6.404566e-06 3.195164e+00 2.500000e+00 0.000000e+00
-6.374587e-06 3.596008e+00 2.500000e+00 0.000000e+00
-6.344607e-06 4.044897e+00 2.500000e+00 0.000000e+00
-6.314628e-06 4.547299e+00 2.500000e+00 0.000000e+00
-6.284649e-06 5.109267e+00 2.500000e+00 0.000000e+00
-6.254670e-06 5.737503e+00 2.500000e+00 0.000000e+00
-6.224690e-06 6.439415e+00 2.500000e+00 0.000000e+00
-6.194711e-06 7.223191e+00 2.500000e+00 0.000000e+00
-6.164732e-06 8.097873e+00 2.500000e+00 0.000000e+00
-6.134753e-06 9.073440e+00 2.500000e+00 0.000000e+00
-6.104773e-06 1.016090e+01 2.500000e+00 0.000000e+00
-6.074794e-06 1.137239e+01 2.500000e+00 0.000000e+00
-6.044815e-06 1.272126e+01 2.500000e+00 0.000000e+00
-6.014836e-06 1.422224e+01 2.500000e+00 0.000000e+00
-5.984856e-06 1.589150e+01 2.500000e+00 0.000000e+00
-5.954877e-06 1.774683e+01 2.500000e+00 0.000000e+00
-5.924898e-06 1.980779e+01 2.500000e+00 0.000000e+00
-5.894919e-06 2.209584e+01 2.500000e+00 0.000000e+00
-5.864939e-06 2.463452e+01 2.500000e+00 0.000000e+00
-5.834960e-06 2.744966e+01 2.500000e+00 0.000000e+00
-5.804981e-06 3.056954e+01 2.500000e+00 0.000000e+00
-5.775002e-06 3.402515e+01 2.500000e+00 0.000000e+00
-5.745023e-06 3.785039e+01 2.500000e+00 0.000000e+00
-5.715043e-06 4.208234e+01 2.500000e+00 0.000000e+00
-5.685064e-06 4.676151e+01 2.500000e+00 0.000000e+00
-5.655085e-06 5.193216e+01 2.500000e+00 0.000000e+00
-5.625106e-06 5.764258e+01 2.500000e+00 0.000000e+00
-5.595126e-06 6.394544e+01 2.500000e+00 0.000000e+00
-5.565147e-06 7.089816e+01 2.500000e+00 0.000000e+00
-5.535168e-06 7.856326e+01 2.500000e+00 0.000000e+00
-5.505189e-06 8.700881e+01 2.500000e+00 0.000000e+00
-5.475209e-06 9.630883e+01 2.500000e+00 0.000000e+00
-5.445230e-06 1.065438e+02 2.500000e+00 0.000000e+00
-5.415251e-06 1.178011e+02 2.500000e+00 0.000000e+00
-5.385272e-06 1.301757e+02 2.500000e+00 0.000000e+00
-5.355292e-06 1.437704e+02 2.500000e+00 0.000000e+00
-5.325313e-06 1.586968e+02 2.500000e+00 0.000000e+00
-5.295334e-06 1.750758e+02 2.500000e+00 0.000000e+00
-5.265355e-06 1.930382e+02 2.500000e+00 0.000000e+00
-5.235375e-06 2.127255e+02 2.500000e+00 0.000000e+00
-5.205396e-06 2.342907e+02 2.500000e+00 0.000000e+00
-5.175417e-06 2.578991e+02 2.500000e+00 0.000000e+00
-5.145438e-06 2.837289e+02 2.500000e+00 0.000000e+00
-5.115458e-06 3.119727e+02 2.500000e+00 0.000000e+00
-5.085479e-06 3.428379e+02 2.500000e+00 0.000000e+00
-5.055500e-06 3.765479e+02 2.500000e+00 0.000000e+00
-5.025521e-06 4.133431e+02 2.500000e+00 0.000000e+00
-4.995541e-06 4.534824e+02 2.500000e+00 0.000000e+00
-4.965562e-06 4.972437e+02 2.500000e+00 0.000000e+00
-4.935583e-06 5.449258e+02 2.500000e+00 0.000000e+00
-4.905604e-06 5.968492e+02 2.500000e+00 0.000000e+00
-4.875624e-06 6.533578e+02 2.500000e+00 0.000000e+00
-4.845645e-06 7.148199e+02 2.500000e+00 0.000000e+00
-4.815666e-06 7.816304e+02 2.500000e+00 0.000000e+00
-4.785687e-06 8.542114e+02 2.500000e+00 0.000000e+00
-4.755707e-06 9.330147e+02 2.500000e+00 0.000000e+00
-4.725728e-06 1.018523e+03 2.500000e+00 0.000000e+00
-4.695749e-06 1.111251e+03 2.500000e+00 0.000000e+00
-4.665770e-06 1.211750e+03 2.500000e+00 0.000000e+00
-4.635790e-06 1.320604e+03 2.500000e+00 0.000000e+00
-4.605811e-06 1.438440e+03 2.500000e+00 0.000000e+00
-4.575832e-06 1.565921e+03 2.500000e+00 0.000000e+00
-4.545853e-06 1.703756e+03 2.500000e+00 0.000000e+00
-4.515873e-06 1.852694e+03 2.500000e+00 0.000000e+00
-4.485894e-06 2.013537e+03 2.500000e+00 0.000000e+00
-4.455915e-06 2.187129e+03 2.500000e+00 0.000000e+00
-4.425936e-06 2.374370e+03 2.500000e+00 0.000000e+00
-4.395956e-06 2.576213e+03 2.500000e+00 0.000000e+00
-4.365977e-06 2.793664e+03 2.500000e+00 0.000000e+00
-4.335998e-06 3.027790e+03 2.500000e+00 0.000000e+00
-4.306019e-06 3.279718e+03 2.500000e+00 0.000000e+00
-4.276039e-06 3.550638e+03 2.500000e+00 0.000000e+00
-4.246060e-06 3.841807e+03 2.500000e+00 0.000000e+00
-4.216081e-06 4.154548e+03 2.500000e+00 0.000000e+00
-4.186102e-06 4.490258e+03 2.500000e+00 0.000000e+00
-4.156122e-06 4.850404e+03 2.500000e+00 0.000000e+00
-4.126143e-06 5.236532e+03 2.500000e+00 0.000000e+00
-4.096164e-06 5.650264e+03 2.500000e+00 0.000000e+00
-4.066185e-06 6.093305e+03 2.500000e+00 0.000000e+00
-4.036206e-06 6.567442e+03 2.500000e+00 0.000000e+00
-4.006226e-06 7.074549e+03 2.500000e+00 0.000000e+00
-3.976247e-06 7.616588e+03 2.500000e+00 0.000000e+00
-3.946268e-06 8.195611e+03 2.500000e+00 0.000000e+00
-3.916289e-06 8.813763e+03 2.500000e+00 0.000000e+00
-3.886309e-06 9.473285e+03 2.500000e+00 0.000000e+00
-3.856330e-06 1.017651e+04 2.500000e+00 0.000000e+00
-3.826351e-06 1.092588e+04 2.500000e+00 0.000000e+00
-3.796372e-06 1.172393e+04 2.500000e+00 0.000000e+00
-3.766392e-06 1.257330e+04 2.500000e+00 0.000000e+00
-3.736413e-06 1.347673e+04 2.500000e+00 0.000000e+00
-3.706434e-06 1.443706e+04 2.500000e+00 0.000000e+00
-3.676455e-06 1.545725e+04 2.500000e+00 0.000000e+00
-3.646475e-06 1.654035e+04 2.500000e+00 0.000000e+00
-3.616496e-06 1.768954e+04 2.500000e+00 0.000000e+00
-3.586517e-06 1.890809e+04 2.500000e+00 0.000000e+00
-3.556538e-06 2.019937e+04 2.500000e+00 0.000000e+00
-3.526558e-06 2.156687e+04 2.500000e+00 0.000000e+00
-3.496579e-06 2.301418e+04 2.500000e+00 0.000000e+00
-3.466600e-06 2.454501e+04 2.500000e+00 0.000000e+00
-3.436621e-06 2.616316e+04 2.500000e+00 0.000000e+00
-3.406641e-06 2.787252e+04 2.500000e+00 0.000000e+00
-3.376662e-06 2.967710e+04 2.500000e+00 0.000000e+00
-3.346683e-06 3.158099e+04 2.500000e+00 0.000000e+00
-3.316704e-06 3.358840e+04 2.500000e+00 0.000000e+00
-3.286724e-06 3.570361e+04 2.500000e+00 0.000000e+00
-3.256745e-06 3.793098e+04 2.500000e+00 0.000000e+00
-3.226766e-06 4.027496e+04 2.500000e+00 0.000000e+00
-3.196787e-06 4.274009e+04 2.500000e+00 0.000000e+00
-3.166807e-06 4.533095e+04 2.500000e+00 0.000000e+00
-3.136828e-06 4.805222e+04 2.500000e+00 0.000000e+00
-3.106849e-06 5.090862e+04 2.500000e+00 0.000000e+00
-3.076870e-06 5.390490e+04 2.500000e+00 0.000000e+00
-3.046890e-06 5.704590e+04 2.500000e+00 0.000000e+00
-3.016911e-06 6.033645e+04 2.500000e+00 0.000000e+00
-2.986932e-06 6.378143e+04 2.500000e+00 0.000000e+00
-2.956953e-06 6.738573e+04 2.500000e+00 0.000000e+00
-2.926973e-06 7.115424e+04 2.500000e+00 0.000000e+00
-2.896994e-06 7.509186e+04 2.500000e+00 0.000000e+00
-2.867015e-06 7.920344e+04 2.500000e+00 0.000000e+00
-2.837036e-06 8.349384e+04 2.500000e+00 0.000000e+00
-2.807056e-06 8.796786e+04 2.500000e+00 0.000000e+00
-2.777077e-06 9.263023e+04 2.500000e+00 0.000000e+00
-2.747098e-06 9.748564e+04 2.500000e+00 0.000000e+00
-2.717119e-06 1.025387e+05 2.500000e+00 0.000000e+00
-2.687139e-06 1.077939e+05 2.500000e+00 0.000000e+00
-2.657160e-06 1.132555e+05 2.500000e+00 0.000000e+00
-2.627181e-06 1.189280e+05 2.500000e+00 0.000000e+00
-2.597202e-06 1.248153e+05 2.500000e+00 0.000000e+00
-2.567222e-06 1.309215e+05 2.500000e+00 0.000000e+00
-2.537243e-06 1.372502e+05 2.500000e+00 0.000000e+00
-2.507264e-06 1.438051e+05 2.500000e+00 0.000000e+00
-2.477285e-06 1.505895e+05 2.500000e+00 0.000000e+00
-2.447305e-06 1.576066e+05 2.500000e+00 0.000000e+00
-2.417326e-06 1.648593e+05 2.500000e+00 0.000000e+00
-2.387347e-06 1.723500e+05 2.500000e+00 0.000000e+00
-2.357368e-06 1.800813e+05 2.500000e+00 0.000000e+00
-2.327388e-06 1.880550e+05 2.500000e+00 0.000000e+00
-2.297409e-06 1.962730e+05 2.500000e+00 0.000000e+00
-2.267430e-06 2.047365e+05 2.500000e+00 0.000000e+00
-2.237451e-06 2.134466e+05 2.500000e+00 0.000000e+00
-2.207472e-06 2.224038e+05 2.500000e+00 0.000000e+00
-2.177492e-06 2.316085e+05 2.500000e+00 0.000000e+00
-2.147513e-06 2.410604e+05 2.500000e+00 0.000000e+00
-2.117534e-06 2.507590e+05 2.500000e+00 0.000000e+00
-2.087555e-06 2.607032e+05 2.500000e+00 0.000000e+00
-2.057575e-06 2.708914e+05 2.500000e+00 0.000000e+00
-2.027596e-06 2.813218e+05 2.500000e+00 0.000000e+00
-1.997617e-06 2.919919e+05 2.500000e+00 0.000000e+00
-1.967638e-06 3.028986e+05 2.500000e+00 0.000000e+00
-1.937658e-06 3.140385e+05 2.500000e+00 0.000000e+00
-1.907679e-06 3.254076e+05 2.500000e+00 0.000000e+00
-1.877700e-06 3.370014e+05 2.500000e+00 0.000000e+00
-1.847721e-06 3.488148e+05 2.500000e+00 0.000000e+00
-1.817741e-06 3.608422e+05 2.500000e+00 0.000000e+00
-1.787762e-06 3.730773e+05 2.500000e+00 0.000000e+00
-1.757783e-06 3.855135e+05 2.500000e+00 0.000000e+00
-1.727804e-06 3.981434e+05 2.500000e+00 0.000000e+00
-1.697824e-06 4.109591e+05 2.500000e+00 0.000000e+00
-1.667845e-06 4.239521e+05 2.500000e+00 0.000000e+00
-1.637866e-06 4.371135e+05 2.500000e+00 0.000000e+00
-1.607887e-06 4.504337e+05 2.500000e+00 0.000000e+00
-1.577907e-06 4.639024e+05 2.500000e+00 0.000000e+00
-1.547928e-06 4.775090e+05 2.500000e+00 0.000000e+00
-1.517949e-06 4.912423e+05 2.500000e+00 0.000000e+00
-1.487970e-06 5.050903e+05 2.500000e+00 0.000000e+00
-1.457990e-06 5.190408e+05 2.500000e+00 0.000000e+00
-1.428011e-06 5.330810e+05 2.500000e+00 0.000000e+00
-1.398032e-06 5.471974e+05 2.500000e+00 0.000000e+00
-1.368053e-06 5.613762e+05 2.500000e+00 0.000000e+00
-1.338073e-06 5.756032e+05 2.500000e+00 0.000000e+00
-1.308094e-06 5.898636e+05 2.500000e+00 0.000000e+00
-1.278115e-06 6.041421e+05 2.500000e+00 0.000000e+00
-1.248136e-06 6.184233e+05 2.500000e+00 0.000000e+00
-1.218156e-06 6.326911e+05 2.500000e+00 0.000000e+00
-1.188177e-06 6.469293e+05 2.500000e+00 0.000000e+00
-1.158198e-06 6.611211e+05 2.500000e+00 0.000000e+00
-1.128219e-06 6.752498e+05 2.500000e+00 0.000000e+00
-1.098239e-06 6.892980e+05 2.500000e+00 0.000000e+00
-1.068260e-06 7.032485e+05 2.500000e+00 0.000000e+00
-1.038281e-06 7.170836e+05 2.500000e+00 0.000000e+00
-1.008302e-06 7.307854e+05 2.500000e+00 0.000000e+00
-9.783224e-07 7.443363e+05 2.500000e+00 0.000000e+00
-9.483432e-07 7.577181e+05 2.500000e+00 0.000000e+00
-9.183639e-07 7.709129e+05 2.500000e+00 0.000000e+00
-8.883847e-07 7.839027e+05 2.500000e+00 0.000000e+00
-8.584055e-07 7.966694e+05 2.500000e+00 0.000000e+00
-8.284262e-07 8.091953e+05 2.500000e+00 0.000000e+00
-7.984470e-07 8.214624e+05 2.500000e+00 0.000000e+00
-7.684677e-07 8.334532e+05 2.500000e+00 0.000000e+00
-7.384885e-07 8.451502e+05 2.500000e+00 0.000000e+00
-7.085092e-07 8.565364e+05 2.500000e+00 0.000000e+00
-6.785300e-07 8.675947e+05 2.500000e+00 0.000000e+00
-6.485507e-07 8.783085e+05 2.500000e+00 0.000000e+00
-6.185715e-07 8.886618e+05 2.500000e+00 0.000000e+00
-5.885922e-07 8.986387e+05 2.500000e+00 0.000000e+00
-5.586130e-07 9.082238e+05 2.500000e+00 0.000000e+00
-5.286337e-07 9.174023e+05 2.500000e+00 0.000000e+00
-4.986545e-07 9.261598e+05 2.500000e+00 0.000000e+00
-4.686753e-07 9.344826e+05 2.500000e+00 0.000000e+00
-4.386960e-07 9.423575e+05 2.500000e+00 0.000000e+00
-4.087168e-07 9.497719e+05 2.500000e+00 0.000000e+00
-3.787375e-07 9.567140e+05 2.500000e+00 0.000000e+00
-3.487583e-07 9.631726e+05 2.500000e+00 0.000000e+00
-3.187790e-07 9.691373e+05 2.500000e+00 0.000000e+00
-2.887998e-07 9.745983e+05 2.500000e+00 0.000000e+00
-2.588205e-07 9.795468e+05 2.500000e+00 0.000000e+00
-2.288413e-07 9.839746e+05 2.500000e+00 0.000000e+00
-1.988620e-07 9.878745e+05 2.500000e+00 0.000000e+00
-1.688828e-07 9.912400e+05 2.500000e+00 0.000000e+00
-1.389036e-07 9.940656e+05 2.500000e+00 0.000000e+00
-1.089243e-07 9.963466e+05 2.500000e+00 0.000000e+00
-7.894506e-08 9.980792e+05 2.500000e+00 0.000000e+00
-4.896581e-08 9.992606e+05 2.500000e+00 0.000000e+00
-1.898657e-08 9.998888e+05 2.500000e+00 0.000000e+00
1.099268e-08 9.999627e+05 2.500000e+00 0.000000e+00
4.097192e-08 9.994823e+05 2.500000e+00 0.000000e+00
7.095117e-08 9.984482e+05 2.500000e+00 0.000000e+00
1.009304e-07 9.968623e+05 2.500000e+00 0.000000e+00
1.309097e-07 9.947272e+05 2.500000e+00 0.000000e+00
1.608889e-07 9.920464e+05 2.500000e+00 0.000000e+00
1.908682e-07 9.888243e+05 2.500000e+00 0.000000e+00
2.208474e-07 9.850664e+05 2.500000e+00 0.000000e+00
2.508266e-07 9.807787e+05 2.500000e+00 0.000000e+00
2.808059e-07 9.759683e+05 2.500000e+00 0.000000e+00
3.107851e-07 9.706431e+05 2.500000e+00 0.000000e+00
3.407644e-07 9.648118e+05 2.500000e+00 0.000000e+00
3.707436e-07 9.584839e+05 2.500000e+00 0.000000e+00
4.007229e-07 9.516697e+05 2.500000e+00 0.000000e+00
4.307021e-07 9.443800e+05 2.500000e+00 0.000000e+00
4.606814e-07 9.366267e+05 2.500000e+00 0.000000e+00
4.906606e-07 9.284221e+05 2.500000e+00 0.000000e+00
5.206399e-07 9.197792e+05 2.500000e+00 0.000000e+00
5.506191e-07 9.107115e+05 2.500000e+00 0.000000e+00
5.805983e-07 9.012334e+05 2.500000e+00 0.000000e+00
6.105776e-07 8.913596e+05 2.500000e+00 0.000000e+00
6.405568e-07 8.811051e+05 2.500000e+00 0.000000e+00
6.705361e-07 8.704858e+05 2.500000e+00 0.000000e+00
7.005153e-07 8.595178e+05 2.500000e+00 0.000000e+00
7.304946e-07 8.482174e+05 2.500000e+00 0.000000e+00
7.604738e-07 8.366016e+05 2.500000e+00 0.000000e+00
7.904531e-07 8.246874e+05 2.500000e+00 0.000000e+00
8.204323e-07 8.124923e+05 2.500000e+00 0.000000e+00
8.504116e-07 8.000337e+05 2.500000e+00 0.000000e+00
8.803908e-07 7.873294e+05 2.500000e+00 0.000000e+00
9.103701e-07 7.743974e+05 2.500000e+00 0.000000e+00
9.403493e-07 7.612555e+05 2.500000e+00 0.000000e+00
9.703285e-07 7.479218e+05 2.500000e+00 0.000000e+00
1.000308e-06 7.344143e+05 2.500000e+00 0.000000e+00
1.030287e-06 7.207509e+05 2.500000e+00 0.000000e+00
1.060266e-06 7.069496e+05 2.500000e+00 0.000000e+00
1.090246e-06 6.930282e+05 2.500000e+00 0.000000e+00
1.120225e-06 6.790043e+05 2.500000e+00 0.000000e+00
1.150204e-06 6.648954e+05 2.500000e+00 0.000000e+00
1.180183e-06 6.507187e+05 2.500000e+00 0.000000e+00
1.210163e-06 6.364912e+05 2.500000e+00 0.000000e+00
1.240142e-06 6.222297e+05 2.500000e+00 0.000000e+00
1.270121e-06 6.079506e+05 2.500000e+00 0.000000e+00
1.300100e-06 5.936698e+05 2.500000e+00 0.000000e+00
1.330079e-06 5.794031e+05 2.500000e+00 0.000000e+00
1.360059e-06 5.651657e+05 2.500000e+00 0.000000e+00
1.390038e-06 5.509726e+05 2.500000e+00 0.000000e+00
1.420017e-06 5.368382e+05 2.500000e+00 0.000000e+00
1.449996e-06 5.227764e+05 2.500000e+00 0.000000e+00
1.479976e-06 5.088007e+05 2.500000e+00 0.000000e+00
1.509955e-06 4.949241e+05 2.500000e+00 0.000000e+00
1.539934e-06 4.811591e+05 2.500000e+00 0.000000e+00
1.569913e-06 4.675176e+05 2.500000e+00 0.000000e+00
1.599893e-06 4.540110e+05 2.500000e+00 0.000000e+00
1.629872e-06 4.406502e+05 2.500000e+00 0.000000e+00
1.659851e-06 4.274455e+05 2.500000e+00 0.000000e+00
1.689830e-06 4.144067e+05 2.500000e+00 0.000000e+00
1.719810e-06 4.015428e+05 2.500000e+00 0.000000e+00
1.749789e-06 3.888626e+05 2.500000e+00 0.000000e+00
1.779768e-06 3.763741e+05 2.500000e+00 0.000000e+00
1.809747e-06 3.640846e+05 2.500000e+00 0.000000e+00
1.839727e-06 3.520012e+05 2.500000e+00 0.000000e+00
1.869706e-06 3.401302e+05 2.500000e+00 0.000000e+00
1.899685e-06 3.284773e+05 2.500000e+00 0.000000e+00
1.929664e-06 3.170478e+05 2.500000e+00 0.000000e+00
1.959644e-06 3.058464e+05 2.500000e+00 0.000000e+00
1.989623e-06 2.948771e+05 2.500000e+00 0.000000e+00
2.019602e-06 2.841436e+05 2.500000e+00 0.000000e+00
2.049581e-06 2.736491e+05 2.500000e+00 0.000000e+00
2.079561e-06 2.633961e+05 2.500000e+00 0.000000e+00
2.109540e-06 2.533866e+05 2.500000e+00 0.000000e+00
2.139519e-06 2.436225e+05 2.500000e+00 0.000000e+00
2.169498e-06 2.341047e+05 2.500000e+00 0.000000e+00
2.199478e-06 2.248340e+05 2.500000e+00 0.000000e+00
2.229457e-06 2.158108e+05 2.500000e+00 0.000000e+00
2.259436e-06 2.070349e+05 2.500000e+00 0.000000e+00
2.289415e-06 1.985057e+05 2.500000e+00 0.000000e+00
2.319395e-06 1.902224e+05 2.500000e+00 0.000000e+00
2.349374e-06 1.821837e+05 2.500000e+00 0.000000e+00
2.379353e-06 1.743880e+05 2.500000e+00 0.000000e+00
2.409332e-06 1.668333e+05 2.500000e+00 0.000000e+00
2.439312e-06 1.595174e+05 2.500000e+00 0.000000e+00
2.469291e-06 1.524378e+05 2.500000e+00 0.000000e+00
2.499270e-06 1.455916e+05 2.500000e+00 0.000000e+00
2.529249e-06 1.389758e+05 2.500000e+00 0.000000e+00
2.559229e-06 1.325871e+05 2.500000e+00 0.000000e+00
2.589208e-06 1.264220e+05 2.500000e+00 0.000000e+00
2.619187e-06 1.204767e+05 2.500000e+00 0.000000e+00
2.649166e-06 1.147473e+05 2.500000e+00 0.000000e+00
2.679146e-06 1.092298e+05 2.500000e+00 0.000000e+00
2.709125e-06 1.039200e+05 2.500000e+00 0.000000e+00
2.739104e-06 9.881352e+04 2.500000e+00 0.000000e+00
2.769083e-06 9.390585e+04 2.500000e+00 0.000000e+00
2.799063e-06 8.919246e+04 2.500000e+00 0.000000e+00
2.829042e-06 8.466868e+04 2.500000e+00 0.000000e+00
2.859021e-06 8.032978e+04 2.500000e+00 0.000000e+00
2.889000e-06 7.617099e+04 2.500000e+00 0.000000e+00
2.918980e-06 7.218746e+04 2.500000e+00 0.000000e+00
2.948959e-06 6.837434e+04 2.500000e+00 0.000000e+00
2.978938e-06 6.472673e+04 2.500000e+00 0.000000e+00
3.008917e-06 6.123975e+04 2.500000e+00 0.000000e+00
3.038897e-06 5.790849e+04 2.500000e+00 0.000000e+00
3.068876e-06 5.472809e+04 2.500000e+00 0.000000e+00
3.098855e-06 5.169369e+04 2.500000e+00 0.000000e+00
3.128834e-06 4.880047e+04 2.500000e+00 0.000000e+00
3.158813e-06 4.604363e+04 2.500000e+00 0.000000e+00
3.188793e-06 4.341845e+04 2.500000e+00 0.000000e+00
3.218772e-06 4.092025e+04 2.500000e+00 0.000000e+00
3.248751e-06 3.854441e+04 2.500000e+00 0.000000e+00
3.278730e-06 3.628638e+04 2.500000e+00 0.000000e+00
3.308710e-06 3.414170e+04 2.500000e+00 0.000000e+00
3.338689e-06 3.210597e+04 2.500000e+00 0.000000e+00
3.368668e-06 3.017488e+04 2.500000e+00 0.000000e+00
3.398647e-06 2.834423e+04 2.500000e+00 0.000000e+00
3.428627e-06 2.660987e+04 2.500000e+00 0.000000e+00
3.458606e-06 2.496779e+04 2.500000e+00 0.000000e+00
3.488585e-06 2.341406e+04 2.500000e+00 0.000000e+00
3.518564e-06 2.194484e+04 2.500000e+00 0.000000e+00
3.548544e-06 2.055641e+04 2.500000e+00 0.000000e+00
3.578523e-06 1.924515e+04 2.500000e+00 0.000000e+00
3.608502e-06 1.800754e+04 2.500000e+00 0.000000e+00
3.638481e-06 1.684019e+04 2.500000e+00 0.000000e+00
3.668461e-06 1.573977e+04 2.500000e+00 0.000000e+00
3.698440e-06 1.470311e+04 2.500000e+00 0.000000e+00
3.728419e-06 1.372711e+04 2.500000e+00 0.000000e+00
3.758398e-06 1.280880e+04 2.500000e+00 0.000000e+00
3.788378e-06 1.194529e+04 2.500000e+00 0.000000e+00
3.818357e-06 1.113382e+04 2.500000e+00 0.000000e+00
3.848336e-06 1.037172e+04 2.500000e+00 0.000000e+00
3.878315e-06 9.656427e+03 2.500000e+00 0.000000e+00
3.908295e-06 8.985484e+03 2.500000e+00 0.000000e+00
3.938274e-06 8.356523e+03 2.500000e+00 0.000000e+00
3.968253e-06 7.767280e+03 2.500000e+00 0.000000e+00
3.998232e-06 7.215584e+03 2.500000e+00 0.000000e+00
4.028212e-06 6.699358e+03 2.500000e+00 0.000000e+00
4.058191e-06 6.216616e+03 2.500000e+00 0.000000e+00
4.088170e-06 5.765462e+03 2.500000e+00 0.000000e+00
4.118149e-06 5.344084e+03 2.500000e+00 0.000000e+00
4.148129e-06 4.950758e+03 2.500000e+00 0.000000e+00
4.178108e-06 4.583838e+03 2.500000e+00 0.000000e+00
4.208087e-06 4.241759e+03 2.500000e+00 0.000000e+00
4.238066e-06 3.923033e+03 2.500000e+00 0.000000e+00
4.268046e-06 3.626244e+03 2.500000e+00 0.000000e+00
4.298025e-06 3.350050e+03 2.500000e+00 0.000000e+00
4.328004e-06 3.093177e+03 2.500000e+00 0.000000e+00
4.357983e-06 2.854417e+03 2.500000e+00 0.000000e+00
4.387963e-06 2.632626e+03 2.500000e+00 0.000000e+00
4.417942e-06 2.426723e+03 2.500000e+00 0.000000e+00
4.447921e-06 2.235684e+03 2.500000e+00 0.000000e+00
4.477900e-06 2.058542e+03 2.500000e+00 0.000000e+00
4.507880e-06 1.894385e+03 2.500000e+00 0.000000e+00
4.537859e-06 1.742352e+03 2.500000e+00 0.000000e+00
4.567838e-06 1.601632e+03 2.500000e+00 0.000000e+00
4.597817e-06 1.471461e+03 2.500000e+00 0.000000e+00
4.627797e-06 1.351120e+03 2.500000e+00 0.000000e+00
4.657776e-06 1.239933e+03 2.500000e+00 0.000000e+00
4.687755e-06 1.137266e+03 2.500000e+00 0.000000e+00
4.717734e-06 1.042521e+03 2.500000e+00 0.000000e+00
4.747714e-06 9.551390e+02 2.500000e+00 0.000000e+00
4.777693e-06 8.745964e+02 2.500000e+00 0.000000e+00
4.807672e-06 8.004016e+02 2.500000e+00 0.000000e+00
4.837651e-06 7.320949e+02 2.500000e+00 0.000000e+00
4.867630e-06 6.692463e+02 2.500000e+00 0.000000e+00
4.897610e-06 6.114540e+02 2.500000e+00 0.000000e+00
4.927589e-06 5.583426e+02 2.500000e+00 0.000000e+00
4.957568e-06 5.095619e+02 2.500000e+00 0.000000e+00
4.987547e-06 4.647852e+02 2.500000e+00 0.000000e+00
5.017527e-06 4.237081e+02 2.500000e+00 0.000000e+00
5.047506e-06 3.860472e+02 2.500000e+00 0.000000e+00
5.077485e-06 3.515388e+02 2.500000e+00 0.000000e+00
5.107464e-06 3.199376e+02 2.500000e+00 0.000000e+00
5.137444e-06 2.910158e+02 2.500000e+00 0.000000e+00
5.167423e-06 2.645616e+02 2.500000e+00 0.000000e+00
5.197402e-06 2.403790e+02 2.500000e+00 0.000000e+00
5.227381e-06 2.182856e+02 2.500000e+00 0.000000e+00
5.257361e-06 1.981131e+02 2.500000e+00 0.000000e+00
5.287340e-06 1.797050e+02 2.500000e+00 0.000000e+00
5.317319e-06 1.629170e+02 2.500000e+00 0.000000e+00
5.347298e-06 1.476155e+02 2.500000e+00 0.000000e+00
5.377278e-06 1.336769e+02 2.500000e+00 0.000000e+00
5.407257e-06 1.209874e+02 2.500000e+00 0.000000e+00
5.437236e-06 1.094418e+02 2.500000e+00 0.000000e+00
5.467215e-06 9.894307e+01 2.500000e+00 0.000000e+00
5.497195e-06 8.940189e+01 2.500000e+00 0.000000e+00
5.527174e-06 8.073599e+01 2.500000e+00 0.000000e+00
5.557153e-06 7.286968e+01 2.500000e+00 0.000000e+00
5.587132e-06 6.573334e+01 2.500000e+00 0.000000e+00
5.617112e-06 5.926301e+01 2.500000e+00 0.000000e+00
5.647091e-06 5.339996e+01 2.500000e+00 0.000000e+00
5.677070e-06 4.809028e+01 2.500000e+00 0.000000e+00
5.707049e-06 4.328454e+01 2.500000e+00 0.000000e+00
5.737029e-06 3.893745e+01 2.500000e+00 0.000000e+00
5.767008e-06 3.500753e+01 2.500000e+00 0.000000e+00
5.796987e-06 3.145680e+01 2.500000e+00 0.000000e+00
5.826966e-06 2.825054e+01 2.500000e+00 0.000000e+00
5.856946e-06 2.535702e+01 2.500000e+00 0.000000e+00
5.886925e-06 2.274725e+01 2.500000e+00 0.000000e+00
5.916904e-06 2.039476e+01 2.500000e+00 0.000000e+00
5.946883e-06 1.827543e+01 2.500000e+00 0.000000e+00
5.976863e-06 1.636725e+01 2.500000e+00 0.000000e+00
6.006842e-06 1.465018e+01 2.500000e+00 0.000000e+00
6.036821e-06 1.310598e+01 2.500000e+00 0.000000e+00
6.066800e-06 1.171804e+01 2.500000e+00 0.000000e+00
6.096780e-06 1.047128e+01 2.500000e+00 0.000000e+00
6.126759e-06 9.351989e+00 2.500000e+00 0.000000e+00
6.156738e-06 8.347707e+00 2.500000e+00 0.000000e+00
6.186717e-06 7.447140e+00 2.500000e+00 0.000000e+00
6.216697e-06 6.640046e+00 2.500000e+00 0.000000e+00
6.246676e-06 5.917139e+00 2.500000e+00 0.000000e+00
6.276655e-06 5.270013e+00 2.500000e+00 0.000000e+00
6.306634e-06 4.691057e+00 2.500000e+00 0.000000e+00
6.336614e-06 4.173390e+00 2.500000e+00 0.000000e+00
6.366593e-06 3.710790e+00 2.500000e+00 0.000000e+00
6.396572e-06 3.297638e+00 2.500000e+00 0.000000e+00
6.426551e-06 2.928861e+00 2.500000e+00 0.000000e+00
6.456531e-06 2.599883e+00 2.500000e+00 0.000000e+00
6.486510e-06 2.306576e+00 2.500000e+00 0.000000e+00
6.516489e-06 2.045225e+00 2.500000e+00 0.000000e+00
6.546468e-06 1.812482e+00 2.500000e+00 0.000000e+00
6.576448e-06 1.605334e+00 2.500000e+00 0.000000e+00
6.606427e-06 1.421072e+00 2.500000e+00 0.000000e+00
6.636406e-06 1.257263e+00 2.500000e+00 0.000000e+00
6.666385e-06 1.111720e+00 2.500000e+00 0.000000e+00
6.696364e-06 9.824799e-01 2.500000e+00 0.000000e+00
6.726344e-06 8.677831e-01 2.500000e+00 0.000000e+00
6.756323e-06 7.660514e-01 2.500000e+00 0.000000e+00
6.786302e-06 6.758710e-01 2.500000e+00 0.000000e+00
6.816281e-06 5.959761e-01 2.500000e+00 0.000000e+00
6.846261e-06 5.252343e-01 2.500000e+00 0.000000e+00
6.876240e-06 4.626329e-01 2.500000e+00 0.000000e+00
6.906219e-06 4.072669e-01 2.500000e+00 0.000000e+00
6.936198e-06 3.583281e-01 2.500000e+00 0.000000e+00
6.966178e-06 3.150952e-01 2.500000e+00 0.000000e+00
6.996157e-06 2.769248e-01 2.500000e+00 0.000000e+00
7.026136e-06 2.432435e-01 2.500000e+00 0.000000e+00
7.056115e-06 2.135402e-01 2.500000e+00 0.000000e+00
7.086095e-06 1.873602e-01 2.500000e+00 0.000000e+00
7.116074e-06 1.642987e-01 2.500000e+00 0.000000e+00
7.146053e-06 1.439959e-01 2.500000e+00 0.000000e+00
7.176032e-06 1.261320e-01 2.500000e+00 0.000000e+00
7.206012e-06 1.104230e-01 2.500000e+00 0.000000e+00
7.235991e-06 9.661692e-02 2.500000e+00 0.000000e+00
7.265970e-06 8.449011e-02 2.500000e+00 0.000000e+00
7.295949e-06 7.384443e-02 2.500000e+00 0.000000e+00
7.325929e-06 6.450432e-02 2.500000e+00 0.000000e+00
7.355908e-06 5.631434e-02 2.500000e+00 0.000000e+00
7.385887e-06 4.913698e-02 2.500000e+00 0.000000e+00
7.415866e-06 4.285061e-02 2.500000e+00 0.000000e+00
7.445846e-06 3.734778e-02 2.500000e+00 0.000000e+00
7.475825e-06 3.253357e-02 2.500000e+00 0.000000e+00
7.505804e-06 2.832421e-02 2.500000e+00 0.000000e+00
7.535783e-06 2.464581e-02 2.500000e+00 0.000000e+00
7.565763e-06 2.143323e-02 2.500000e+00 0.000000e+00
7.595742e-06 1.862907e-02 2.500000e+00 0.000000e+00
7.625721e-06 1.618281e-02 2.500000e+00 0.000000e+00
7.655700e-06 1.404999e-02 2.500000e+00 0.000000e+00
7.685680e-06 1.219150e-02 2.500000e+00 0.000000e+00
7.715659e-06 1.057298e-02 2.500000e+00 0.000000e+00
7.745638e-06 9.164252e-03 2.500000e+00 0.000000e+00
7.775617e-06 7.938815e-03 2.500000e+00 0.000000e+00
7.805597e-06 6.873431e-03 2.500000e+00 0.000000e+00
7.835576e-06 5.947721e-03 2.500000e+00 0.000000e+00
7.865555e-06 5.143833e-03 2.500000e+00 0.000000e+00
7.895534e-06 4.446131e-03 2.500000e+00 0.000000e+00
7.925514e-06 3.840934e-03 2.500000e+00 0.000000e+00
7.955493e-06 3.316275e-03 2.500000e+00 0.000000e+00
7.985472e-06 2.861696e-03 2.500000e+00 0.000000e+00
8.015451e-06 2.468059e-03 2.500000e+00 0.000000e+00
8.045431e-06 2.127389e-03 2.500000e+00 0.000000e+00
8.075410e-06 1.832725e-03 2.500000e+00 0.000000e+00
8.105389e-06 1.578000e-03 2.500000e+00 0.000000e+00
8.135368e-06 1.357925e-03 2.500000e+00 0.000000e+00
8.165348e-06 1.167895e-03 2.500000e+00 0.000000e+00
8.195327e-06 1.003901e-03 2.500000e+00 0.000000e+00
8.225306e-06 8.624565e-04 2.500000e+00 0.000000e+00
8.255285e-06 7.405301e-04 2.500000e+00 0.000000e+00
8.285265e-06 6.354881e-04 2.500000e+00 0.000000e+00
8.315244e-06 5.450436e-04 2.500000e+00 0.000000e+00
8.345223e-06 4.672123e-04 2.500000e+00 0.000000e+00
8.375202e-06 4.002732e-04 2.500000e+00 0.000000e+00
8.405182e-06 3.427346e-04 2.500000e+00 0.000000e+00
8.435161e-06 2.933043e-04 2.500000e+00 0.000000e+00
8.465140e-06 2.508639e-04 2.500000e+00 0.000000e+00
8.495119e-06 2.144456e-04 2.500000e+00 0.000000e+00
8.525098e-06 1.832125e-04 2.500000e+00 0.000000e+00
8.555078e-06 1.564417e-04 2.500000e+00 0.000000e+00
8.585057e-06 1.335085e-04 2.500000e+00 0.000000e+00
8.615036e-06 1.138740e-04 2.500000e+00 0.000000e+00
8.645015e-06 9.707320e-05 2.500000e+00 0.000000e+00
8.674995e-06 8.270530e-05 2.500000e+00 0.000000e+00
8.704974e-06 7.042494e-05 2.500000e+00 0.000000e+00
8.734953e-06 5.993476e-05 2.500000e+00 0.000000e+00
8.764932e-06 5.097888e-05 2.500000e+00 0.000000e+00
8.794912e-06 4.333721e-05 2.500000e+00 0.000000e+00
8.824891e-06 3.682060e-05 2.500000e+00 0.000000e+00
8.854870e-06 3.126654e-05 2.500000e+00 0.000000e+00
8.884849e-06 2.653555e-05 2.500000e+00 0.000000e+00
8.914829e-06 2.250792e-05 2.500000e+00 0.000000e+00
8.944808e-06 1.908104e-05 2.500000e+00 0.000000e+00
8.974787e-06 1.616694e-05 2.500000e+00 0.000000e+00
9.004766e-06 1.369029e-05 2.500000e+00 0.000000e+00
9.034746e-06 1.158662e-05 2.500000e+00 0.000000e+00
9.064725e-06 9.800765e-06 2.500000e+00 0.000000e+00
9.094704e-06 8.285570e-06 2.500000e+00 0.000000e+00
9.124683e-06 7.000741e-06 2.500000e+00 0.000000e+00
9.154663e-06 5.911869e-06 2.500000e+00 0.000000e+00
9.184642e-06 4.989589e-06 2.500000e+00 0.000000e+00
9.214621e-06 4.208855e-06 2.500000e+00 0.000000e+00
9.244600e-06 3.548316e-06 2.500000e+00 0.000000e+00
9.274580e-06 2.989783e-06 2.500000e+00 0.000000e+00
9.304559e-06 2.517772e-06 2.500000e+00 0.000000e+00
9.334538e-06 2.119104e-06 2.500000e+00 0.000000e+00
9.364517e-06 1.782573e-06 2.500000e+00 0.000000e+00
9.394497e-06 1.498654e-06 2.500000e+00 0.000000e+00
9.424476e-06 1.259258e-06 2.500000e+00 0.000000e+00
9.454455e-06 1.057517e-06 2.500000e+00 0.000000e+00
9.484434e-06 8.876037e-07 2.500000e+00 0.000000e+00
9.514414e-06 7.445777e-07 2.500000e+00 0.000000e+00
9.544393e-06 6.242522e-07 2.500000e+00 0.000000e+00
9.574372e-06 5.230815e-07 2.500000e+00 0.000000e+00
9.604351e-06 4.380642e-07 2.500000e+00 0.000000e+00
9.634331e-06 3.666616e-07 2.500000e+00 0.000000e+00
9.664310e-06 3.067271e-07 2.500000e+00 0.000000e+00
9.694289e-06 2.564473e-07 2.500000e+00 0.000000e+00
9.724268e-06 2.142907e-07 2.500000e+00 0.000000e+00
9.754248e-06 1.789648e-07 2.500000e+00 0.000000e+00
9.784227e-06 1.493795e-07 2.500000e+00 0.000000e+00
9.814206e-06 1.246160e-07 2.500000e+00 0.000000e+00
9.844185e-06 1.039000e-07 2.500000e+00 0.000000e+00
9.874165e-06 8.657979e-08 2.500000e+00 0.000000e+00
9.904144e-06 7.210689e-08 2.500000e+00 0.000000e+00
9.934123e-06 6.002001e-08 2.500000e+00 0.000000e+00
9.964102e-06 4.993150e-08 2.500000e+00 0.000000e+00
9.994082e-06 4.151570e-08 2.500000e+00 0.000000e+00
1.002406e-05 3.449922e-08 2.500000e+00 0.000000e+00
1.005404e-05 2.865268e-08 2.500000e+00 0.000000e+00
1.008402e-05 2.378376e-08 2.500000e+00 0.000000e+00
1.011400e-05 1.973127e-08 2.500000e+00 0.000000e+00
1.014398e-05 1.636020e-08 2.500000e+00 0.000000e+00
1.017396e-05 1.355755e-08 2.500000e+00 0.000000e+00
1.020394e-05 1.122880e-08 2.500000e+00 0.000000e+00
1.023392e-05 9.294894e-09 2.500000e+00 0.000000e+00
1.026389e-05 7.689794e-09 2.500000e+00 0.000000e+00
1.029387e-05 6.358347e-09 2.500000e+00 0.000000e+00
1.032385e-05 5.254518e-09 2.500000e+00 0.000000e+00
1.035383e-05 4.339910e-09 2.500000e+00 0.000000e+00
1.038381e-05 3.582512e-09 2.500000e+00 0.000000e+00
1.041379e-05 2.955656e-09 2.500000e+00 0.000000e+00
1.044377e-05 2.437133e-09 2.500000e+00 0.000000e+00
1.047375e-05 2.008463e-09 2.500000e+00 0.000000e+00
1.050373e-05 1.654274e-09 2.500000e+00 0.000000e+00
1.053371e-05 1.361791e-09 2.500000e+00 0.000000e+00
1.056369e-05 1.120398e-09 2.500000e+00 0.000000e+00
1.059367e-05 9.212843e-10 2.500000e+00 0.000000e+00
1.062365e-05 7.571363e-10 2.500000e+00 0.000000e+00
1.065362e-05 6.218901e-10 2.500000e+00 0.000000e+00
1.068360e-05 5.105196e-10 2.500000e+00 0.000000e+00
1.071358e-05 4.188614e-10 2.500000e+00 0.000000e+00
1.074356e-05 3.434689e-10 2.500000e+00 0.000000e+00
1.077354e-05 2.814905e-10 2.500000e+00 0.000000e+00
1.080352e-05 2.305681e-10 2.500000e+00 0.000000e+00
1.083350e-05 1.887530e-10 2.500000e+00 0.000000e+00
1.086348e-05 1.544357e-10 2.500000e+00 0.000000e+00
1.089346e-05 1.262876e-10 2.500000e+00 0.000000e+00
1.092344e-05 1.032126e-10 2.500000e+00 0.000000e+00
1.095342e-05 8.430711e-11 2.500000e+00 0.000000e+00
1.098340e-05 6.882635e-11 2.500000e+00 0.000000e+00
1.101338e-05 5.615707e-11 2.500000e+00 0.000000e+00
1.104336e-05 4.579450e-11 2.500000e+00 0.000000e+00
1.107333e-05 3.732342e-11 2.500000e+00 0.000000e+00
1.110331e-05 3.040245e-11 2.500000e+00 0.000000e+00
1.113329e-05 2.475113e-11 2.500000e+00 0.000000e+00
1.116327e-05 2.013912e-11 2.500000e+00 0.000000e+00
1.119325e-05 1.637741e-11 2.500000e+00 0.000000e+00
1.122323e-05 1.331096e-11 2.500000e+00 0.000000e+00
1.125321e-05 1.081266e-11 2.500000e+00 0.000000e+00
1.128319e-05 8.778386e-12 2.500000e+00 0.000000e+00
1.131317e-05 7.122888e-12 2.500000e+00 0.000000e+00
1.134315e-05 5.776394e-12 2.500000e+00 0.000000e+00
1.137313e-05 4.681840e-12 2.500000e+00 0.000000e+00
1.140311e-05 3.792587e-12 2.500000e+00 0.000000e+00
1.143309e-05 3.070533e-12 2.500000e+00 0.000000e+00
1.146306e-05 2.484569e-12 2.500000e+00 0.000000e+00
1.149304e-05 2.009313e-12 2.500000e+00 0.000000e+00
1.152302e-05 1.624065e-12 2.500000e+00 0.000000e+00
1.155300e-05 1.311953e-12 2.500000e+00 0.000000e+00
1.158298e-05 1.059235e-12 2.500000e+00 0.000000e+00
1.161296e-05 8.547231e-13 2.500000e+00 0.000000e+00
1.164294e-05 6.893151e-13 2.500000e+00 0.000000e+00
1.167292e-05 5.556092e-13 2.500000e+00 0.000000e+00
1.170290e-05 4.475898e-13 2.500000e+00 0.000000e+00
1.173288e-05 3.603712e-13 2.500000e+00 0.000000e+00
1.176286e-05 2.899874e-13 2.500000e+00 0.000000e+00
1.179284e-05 2.332209e-13 2.500000e+00 0.000000e+00
1.182282e-05 1.874627e-13 2.500000e+00 0.000000e+00
1.185279e-05 1.505988e-13 2.500000e+00 0.000000e+00
1.188277e-05 1.209170e-13 2.500000e+00 0.000000e+00
1.191275e-05 9.703140e-14 2.500000e+00 0.000000e+00
1.194273e-05 7.782094e-14 2.500000e+00 0.000000e+00
1.197271e-05 6.237920e-14 2.500000e+00 0.000000e+00
1.200269e-05 4.997379e-14 2.500000e+00 0.000000e+00
1.203267e-05 4.001327e-14 2.500000e+00 0.000000e+00
1.206265e-05 3.202026e-14 2.500000e+00 0.000000e+00
1.209263e-05 2.560972e-14 2.500000e+00 0.000000e+00
1.212261e-05 2.047124e-14 2.500000e+00 0.000000e+00
1.215259e-05 1.635470e-14 2.500000e+00 0.000000e+00
1.218257e-05 1.305870e-14 2.500000e+00 0.000000e+00
1.221255e-05 1.042118e-14 2.500000e+00 0.000000e+00
1.224252e-05 8.311755e-15 2.500000e+00 0.000000e+00
1.227250e-05 6.625640e-15 2.500000e+00 0.000000e+00
1.230248e-05 5.278640e-15 2.500000e+00 0.000000e+00
1.233246e-05 4.203156e-15 2.500000e+00 0.000000e+00
1.236244e-05 3.344939e-15 2.500000e+00 0.000000e+00
1.239242e-05 2.660480e-15 2.500000e+00 0.000000e+00
1.242240e-05 2.114905e-15 2.500000e+00 0.000000e+00
1.245238e-05 1.680278e-15 2.500000e+00 0.000000e+00
1.248236e-05 1.334229e-15 2.500000e+00 0.000000e+00
1.251234e-05 1.058861e-15 2.500000e+00 0.000000e+00
1.254232e-05 8.398594e-16 2.500000e+00 0.000000e+00
1.257230e-05 6.657841e-16 2.500000e+00 0.000000e+00
1.260228e-05 5.274963e-16 2.500000e+00 0.000000e+00
1.263226e-05 4.177002e-16 2.500000e+00 0.000000e+00
1.266223e-05 3.305743e-16 2.500000e+00 0.000000e+00
1.269221e-05 2.614765e-16 2.500000e+00 0.000000e+00
1.272219e-05 2.067071e-16 2.500000e+00 0.000000e+00
1.275217e-05 1.633192e-16 2.500000e+00 0.000000e+00
1.278215e-05 1.289669e-16 2.500000e+00 0.000000e+00
1.281213e-05 1.017838e-16 2.500000e+00 0.000000e+00
1.284211e-05 8.028567e-17 2.500000e+00 0.000000e+00
1.287209e-05 6.329314e-17 2.500000e+00 0.000000e+00
1.290207e-05 4.986943e-17 2.500000e+00 0.000000e+00
1.293205e-05 3.927095e-17 2.500000e+00 0.000000e+00
1.296203e-05 3.090776e-17 2.500000e+00 0.000000e+00
1.299201e-05 2.431212e-17 2.500000e+00 0.000000e+00
