?columns zpos prad0 zrayl zwaist
668
-1.000000e-05 1.283522e-47 1.000000e+01 0.000000e+00
-9.970021e-06 2.686845e-47 1.000000e+01 0.000000e+00
-9.940042e-06 5.612013e-47 1.000000e+01 0.000000e+00
-9.910062e-06 1.169584e-46 1.000000e+01 0.000000e+00
-9.880083e-06 2.432097e-46 1.000000e+01 0.000000e+00
-9.850104e-06 5.046229e-46 1.000000e+01 0.000000e+00
-9.820125e-06 1.044696e-45 1.000000e+01 0.000000e+00
-9.790145e-06 2.157989e-45 1.000000e+01 0.000000e+00
-9.760166e-06 4.447803e-45 1.000000e+01 0.000000e+00
-9.730187e-06 9.146995e-45 1.000000e+01 0.000000e+00
-9.700208e-06 1.876930e-44 1.000000e+01 0.000000e+00
-9.670228e-06 3.842859e-44 1.000000e+01 0.000000e+00
-9.640249e-06 7.850503e-44 1.000000e+01 0.000000e+00
-9.610270e-06 1.600211e-43 1.000000e+01 0.000000e+00
-9.580291e-06 3.254571e-43 1.000000e+01 0.000000e+00
-9.550311e-06 6.604605e-43 1.000000e+01 0.000000e+00
-9.520332e-06 1.337324e-42 1.000000e+01 0.000000e+00
-9.490353e-06 2.701863e-42 1.000000e+01 0.000000e+00
-9.460374e-06 5.446614e-42 1.000000e+01 0.000000e+00
-9.430394e-06 1.095536e-41 1.000000e+01 0.000000e+00
-9.400415e-06 2.198686e-41 1.000000e+01 0.000000e+00
-9.370436e-06 4.402878e-41 1.000000e+01 0.000000e+00
-9.340457e-06 8.797246e-41 1.000000e+01 0.000000e+00
-9.310477e-06 1.753854e-40 1.000000e+01 0.000000e+00
-9.280498e-06 3.488808e-40 1.000000e+01 0.000000e+00
-9.250519e-06 6.924640e-40 1.000000e+01 0.000000e+00
-9.220540e-06 1.371368e-39 1.000000e+01 0.000000e+00
-9.190560e-06 2.709865e-39 1.000000e+01 0.000000e+00
-9.160581e-06 5.342912e-39 1.000000e+01 0.000000e+00
-9.130602e-06 1.051102e-38 1.000000e+01 0.000000e+00
-9.100623e-06 2.063235e-38 1.000000e+01 0.000000e+00
-9.070643e-06 4.041003e-38 1.000000e+01 0.000000e+00
-9.040664e-06 7.897076e-38 1.000000e+01 0.000000e+00
-9.010685e-06 1.539856e-37 1.000000e+01 0.000000e+00
-8.980706e-06 2.995923e-37 1.000000e+01 0.000000e+00
-8.950726e-06 5.815914e-37 1.000000e+01 0.000000e+00
-8.920747e-06 1.126528e-36 1.000000e+01 0.000000e+00
-8.890768e-06 2.177221e-36 1.000000e+01 0.000000e+00
-8.860789e-06 4.198556e-36 1.000000e+01 0.000000e+00
-8.830809e-06 8.078560e-36 1.000000e+01 0.000000e+00
-8.800830e-06 1.550975e-35 1.000000e+01 0.000000e+00
-8.770851e-06 2.971065e-35 1.000000e+01 0.000000e+00
-8.740872e-06 5.678797e-35 1.000000e+01 0.000000e+00
-8.710892e-06 1.083022e-34 1.000000e+01 0.000000e+00
-8.680913e-06 2.060890e-34 1.000000e+01 0.000000e+00
-8.650934e-06 3.912993e-34 1.000000e+01 0.000000e+00
-8.620955e-06 7.413104e-34 1.000000e+01 0.000000e+00
-8.590975e-06 1.401289e-33 1.000000e+01 0.000000e+00
-8.560996e-06 2.642970e-33 1.000000e+01 0.000000e+00
-8.531017e-06 4.973857e-33 1.000000e+01 0.000000e+00
-8.501038e-06 9.339660e-33 1.000000e+01 0.000000e+00
-8.471058e-06 1.749869e-32 1.000000e+01 0.000000e+00
-8.441079e-06 3.271273e-32 1.000000e+01 0.000000e+00
-8.411100e-06 6.101895e-32 1.000000e+01 0.000000e+00
-8.381121e-06 1.135663e-31 1.000000e+01 0.000000e+00
-8.351141e-06 2.108971e-31 1.000000e+01 0.000000e+00
-8.321162e-06 3.907767e-31 1.000000e+01 0.000000e+00
-8.291183e-06 7.224760e-31 1.000000e+01 0.000000e+00
-8.261204e-06 1.332769e-30 1.000000e+01 0.000000e+00
-8.231224e-06 2.453144e-30 1.000000e+01 0.000000e+00
-8.201245e-06 4.505343e-30 1.000000e+01 0.000000e+00
-8.171266e-06 8.255994e-30 1.000000e+01 0.000000e+00
-8.141287e-06 1.509550e-29 1.000000e+01 0.000000e+00
-8.111308e-06 2.753991e-29 1.000000e+01 0.000000e+00
-8.081328e-06 5.013191e-29 1.000000e+01 0.000000e+00
-8.051349e-06 9.105475e-29 1.000000e+01 0.000000e+00
-8.021370e-06 1.650166e-28 1.000000e+01 0.000000e+00
-7.991391e-06 2.983936e-28 1.000000e+01 0.000000e+00
-7.961411e-06 5.383788e-28 1.000000e+01 0.000000e+00
-7.931432e-06 9.692216e-28 1.000000e+01 0.000000e+00
-7.901453e-06 1.740985e-27 1.000000e+01 0.000000e+00
-7.871474e-06 3.120352e-27 1.000000e+01 0.000000e+00
-7.841494e-06 5.580188e-27 1.000000e+01 0.000000e+00
-7.811515e-06 9.957054e-27 1.000000e+01 0.000000e+00
-7.781536e-06 1.772758e-26 1.000000e+01 0.000000e+00
-7.751557e-06 3.149234e-26 1.000000e+01 0.000000e+00
-7.721577e-06 5.582093e-26 1.000000e+01 0.000000e+00
-7.691598e-06 9.872471e-26 1.000000e+01 0.000000e+00
-7.661619e-06 1.742173e-25 1.000000e+01 0.000000e+00
-7.631640e-06 3.067564e-25 1.000000e+01 0.000000e+00
-7.601660e-06 5.389302e-25 1.000000e+01 0.000000e+00
-7.571681e-06 9.447310e-25 1.000000e+01 0.000000e+00
-7.541702e-06 1.652420e-24 1.000000e+01 0.000000e+00
-7.511723e-06 2.883829e-24 1.000000e+01 0.000000e+00
-7.481743e-06 5.021752e-24 1.000000e+01 0.000000e+00
-7.451764e-06 8.725246e-24 1.000000e+01 0.000000e+00
-7.421785e-06 1.512644e-23 1.000000e+01 0.000000e+00
-7.391806e-06 2.616572e-23 1.000000e+01 0.000000e+00
-7.361826e-06 4.516118e-23 1.000000e+01 0.000000e+00
-7.331847e-06 7.777401e-23 1.000000e+01 0.000000e+00
-7.301868e-06 1.336412e-22 1.000000e+01 0.000000e+00
-7.271889e-06 2.291306e-22 1.000000e+01 0.000000e+00
-7.241909e-06 3.919787e-22 1.000000e+01 0.000000e+00
-7.211930e-06 6.690808e-22 1.000000e+01 0.000000e+00
-7.181951e-06 1.139545e-21 1.000000e+01 0.000000e+00
-7.151972e-06 1.936515e-21 1.000000e+01 0.000000e+00
-7.121992e-06 3.283576e-21 1.000000e+01 0.000000e+00
-7.092013e-06 5.555331e-21 1.000000e+01 0.000000e+00
-7.062034e-06 9.377985e-21 1.000000e+01 0.000000e+00
-7.032055e-06 1.579595e-20 1.000000e+01 0.000000e+00
-7.002075e-06 2.654721e-20 1.000000e+01 0.000000e+00
-6.972096e-06 4.451727e-20 1.000000e+01 0.000000e+00
-6.942117e-06 7.448605e-20 1.000000e+01 0.000000e+00
-6.912138e-06 1.243535e-19 1.000000e+01 0.000000e+00
-6.882158e-06 2.071466e-19 1.000000e+01 0.000000e+00
-6.852179e-06 3.442979e-19 1.000000e+01 0.000000e+00
-6.822200e-06 5.709889e-19 1.000000e+01 0.000000e+00
-6.792221e-06 9.448385e-19 1.000000e+01 0.000000e+00
-6.762241e-06 1.559999e-18 1.000000e+01 0.000000e+00
-6.732262e-06 2.569967e-18 1.000000e+01 0.000000e+00
-6.702283e-06 4.224425e-18 1.000000e+01 0.000000e+00
-6.672304e-06 6.928582e-18 1.000000e+01 0.000000e+00
-6.642324e-06 1.133856e-17 1.000000e+01 0.000000e+00
-6.612345e-06 1.851433e-17 1.000000e+01 0.000000e+00
-6.582366e-06 3.016441e-17 1.000000e+01 0.000000e+00
-6.552387e-06 4.903638e-17 1.000000e+01 0.000000e+00
-6.522407e-06 7.953873e-17 1.000000e+01 0.000000e+00
-6.492428e-06 1.287288e-16 1.000000e+01 0.000000e+00
-6.462449e-06 2.078784e-16 1.000000e+01 0.000000e+00
-6.432470e-06 3.349497e-16 1.000000e+01 0.000000e+00
-6.402491e-06 5.385013e-16 1.000000e+01 0.000000e+00
-6.372511e-06 8.638345e-16 1.000000e+01 0.000000e+00
-6.342532e-06 1.382646e-15 1.000000e+01 0.000000e+00
-6.312553e-06 2.208148e-15 1.000000e+01 0.000000e+00
-6.282574e-06 3.518699e-15 1.000000e+01 0.000000e+00
-6.252594e-06 5.594647e-15 1.000000e+01 0.000000e+00
-6.222615e-06 8.875647e-15 1.000000e+01 0.000000e+00
-6.192636e-06 1.404960e-14 1.000000e+01 0.000000e+00
-6.162657e-06 2.219038e-14 1.000000e+01 0.000000e+00
-6.132677e-06 3.497053e-14 1.000000e+01 0.000000e+00
-6.102698e-06 5.498906e-14 1.000000e+01 0.000000e+00
-6.072719e-06 8.627543e-14 1.000000e+01 0.000000e+00
-6.042740e-06 1.350625e-13 1.000000e+01 0.000000e+00
-6.012760e-06 2.109691e-13 1.000000e+01 0.000000e+00
-5.982781e-06 3.288061e-13 1.000000e+01 0.000000e+00
-5.952802e-06 5.113255e-13 1.000000e+01 0.000000e+00
-5.922823e-06 7.933993e-13 1.000000e+01 0.000000e+00
-5.892843e-06 1.228352e-12 1.000000e+01 0.000000e+00
-5.862864e-06 1.897539e-12 1.000000e+01 0.000000e+00
-5.832885e-06 2.924793e-12 1.000000e+01 0.000000e+00
-5.802906e-06 4.498174e-12 1.000000e+01 0.000000e+00
-5.772926e-06 6.902623e-12 1.000000e+01 0.000000e+00
-5.742947e-06 1.056887e-11 1.000000e+01 0.000000e+00
-5.712968e-06 1.614656e-11 1.000000e+01 0.000000e+00
-5.682989e-06 2.461319e-11 1.000000e+01 0.000000e+00
-5.653009e-06 3.743628e-11 1.000000e+01 0.000000e+00
-5.623030e-06 5.681382e-11 1.000000e+01 0.000000e+00
-5.593051e-06 8.603043e-11 1.000000e+01 0.000000e+00
-5.563072e-06 1.299831e-10 1.000000e+01 0.000000e+00
-5.533092e-06 1.959559e-10 1.000000e+01 0.000000e+00
-5.503113e-06 2.947587e-10 1.000000e+01 0.000000e+00
-5.473134e-06 4.423963e-10 1.000000e+01 0.000000e+00
-5.443155e-06 6.625111e-10 1.000000e+01 0.000000e+00
-5.413175e-06 9.899459e-10 1.000000e+01 0.000000e+00
-5.383196e-06 1.475932e-09 1.000000e+01 0.000000e+00
-5.353217e-06 2.195625e-09 1.000000e+01 0.000000e+00
-5.323238e-06 3.259017e-09 1.000000e+01 0.000000e+00
-5.293258e-06 4.826716e-09 1.000000e+01 0.000000e+00
-5.263279e-06 7.132694e-09 1.000000e+01 0.000000e+00
-5.233300e-06 1.051701e-08 1.000000e+01 0.000000e+00
-5.203321e-06 1.547275e-08 1.000000e+01 0.000000e+00
-5.173341e-06 2.271325e-08 1.000000e+01 0.000000e+00
-5.143362e-06 3.326810e-08 1.000000e+01 0.000000e+00
-5.113383e-06 4.861982e-08 1.000000e+01 0.000000e+00
-5.083404e-06 7.089823e-08 1.000000e+01 0.000000e+00
-5.053424e-06 1.031559e-07 1.000000e+01 0.000000e+00
-5.023445e-06 1.497579e-07 1.000000e+01 0.000000e+00
-4.993466e-06 2.169311e-07 1.000000e+01 0.000000e+00
-4.963487e-06 3.135384e-07 1.000000e+01 0.000000e+00
-4.933507e-06 4.521643e-07 1.000000e+01 0.000000e+00
-4.903528e-06 6.506367e-07 1.000000e+01 0.000000e+00
-4.873549e-06 9.341520e-07 1.000000e+01 0.000000e+00
-4.843570e-06 1.338238e-06 1.000000e+01 0.000000e+00
-4.813590e-06 1.912871e-06 1.000000e+01 0.000000e+00
-4.783611e-06 2.728191e-06 1.000000e+01 0.000000e+00
-4.753632e-06 3.882402e-06 1.000000e+01 0.000000e+00
-4.723653e-06 5.512683e-06 1.000000e+01 0.000000e+00
-4.693673e-06 7.810202e-06 1.000000e+01 0.000000e+00
-4.663694e-06 1.104074e-05 1.000000e+01 0.000000e+00
-4.633715e-06 1.557295e-05 1.000000e+01 0.000000e+00
-4.603736e-06 2.191695e-05 1.000000e+01 0.000000e+00
-4.573757e-06 3.077699e-05 1.000000e+01 0.000000e+00
-4.543777e-06 4.312299e-05 1.000000e+01 0.000000e+00
-4.513798e-06 6.028764e-05 1.000000e+01 0.000000e+00
-4.483819e-06 8.409776e-05 1.000000e+01 0.000000e+00
-4.453840e-06 1.170516e-04 1.000000e+01 0.000000e+00
-4.423860e-06 1.625574e-04 1.000000e+01 0.000000e+00
-4.393881e-06 2.252543e-04 1.000000e+01 0.000000e+00
-4.363902e-06 3.114412e-04 1.000000e+01 0.000000e+00
-4.333923e-06 4.296509e-04 1.000000e+01 0.000000e+00
-4.303943e-06 5.914146e-04 1.000000e+01 0.000000e+00
-4.273964e-06 8.122788e-04 1.000000e+01 0.000000e+00
-4.243985e-06 1.113153e-03 1.000000e+01 0.000000e+00
-4.214006e-06 1.522094e-03 1.000000e+01 0.000000e+00
-4.184026e-06 2.076656e-03 1.000000e+01 0.000000e+00
-4.154047e-06 2.826991e-03 1.000000e+01 0.000000e+00
-4.124068e-06 3.839910e-03 1.000000e+01 0.000000e+00
-4.094089e-06 5.204204e-03 1.000000e+01 0.000000e+00
-4.064109e-06 7.037596e-03 1.000000e+01 0.000000e+00
-4.034130e-06 9.495789e-03 1.000000e+01 0.000000e+00
-4.004151e-06 1.278423e-02 1.000000e+01 0.000000e+00
-3.974172e-06 1.717333e-02 1.000000e+01 0.000000e+00
-3.944192e-06 2.301820e-02 1.000000e+01 0.000000e+00
-3.914213e-06 3.078399e-02 1.000000e+01 0.000000e+00
-3.884234e-06 4.107855e-02 1.000000e+01 0.000000e+00
-3.854255e-06 5.469429e-02 1.000000e+01 0.000000e+00
-3.824275e-06 7.266172e-02 1.000000e+01 0.000000e+00
-3.794296e-06 9.631767e-02 1.000000e+01 0.000000e+00
-3.764317e-06 1.273923e-01 1.000000e+01 0.000000e+00
-3.734338e-06 1.681190e-01 1.000000e+01 0.000000e+00
-3.704358e-06 2.213743e-01 1.000000e+01 0.000000e+00
-3.674379e-06 2.908535e-01 1.000000e+01 0.000000e+00
-3.644400e-06 3.812925e-01 1.000000e+01 0.000000e+00
-3.614421e-06 4.987452e-01 1.000000e+01 0.000000e+00
-3.584441e-06 6.509326e-01 1.000000e+01 0.000000e+00
-3.554462e-06 8.476762e-01 1.000000e+01 0.000000e+00
-3.524483e-06 1.101440e+00 1.000000e+01 0.000000e+00
-3.494504e-06 1.427999e+00 1.000000e+01 0.000000e+00
-3.464524e-06 1.847277e+00 1.000000e+01 0.000000e+00
-3.434545e-06 2.384366e+00 1.000000e+01 0.000000e+00
-3.404566e-06 3.070792e+00 1.000000e+01 0.000000e+00
-3.374587e-06 3.946068e+00 1.000000e+01 0.000000e+00
-3.344607e-06 5.059592e+00 1.000000e+01 0.000000e+00
-3.314628e-06 6.472962e+00 1.000000e+01 0.000000e+00
-3.284649e-06 8.262802e+00 1.000000e+01 0.000000e+00
-3.254670e-06 1.052418e+01 1.000000e+01 0.000000e+00
-3.224690e-06 1.337476e+01 1.000000e+01 0.000000e+00
-3.194711e-06 1.695979e+01 1.000000e+01 0.000000e+00
-3.164732e-06 2.145812e+01 1.000000e+01 0.000000e+00
-3.134753e-06 2.708940e+01 1.000000e+01 0.000000e+00
-3.104773e-06 3.412274e+01 1.000000e+01 0.000000e+00
-3.074794e-06 4.288695e+01 1.000000e+01 0.000000e+00
-3.044815e-06 5.378276e+01 1.000000e+01 0.000000e+00
-3.014836e-06 6.729732e+01 1.000000e+01 0.000000e+00
-2.984856e-06 8.402124e+01 1.000000e+01 0.000000e+00
-2.954877e-06 1.046688e+02 1.000000e+01 0.000000e+00
-2.924898e-06 1.301014e+02 1.000000e+01 0.000000e+00
-2.894919e-06 1.613553e+02 1.000000e+01 0.000000e+00
-2.864939e-06 1.996740e+02 1.000000e+01 0.000000e+00
-2.834960e-06 2.465451e+02 1.000000e+01 0.000000e+00
-2.804981e-06 3.037441e+02 1.000000e+01 0.000000e+00
-2.775002e-06 3.733844e+02 1.000000e+01 0.000000e+00
-2.745023e-06 4.579744e+02 1.000000e+01 0.000000e+00
-2.715043e-06 5.604835e+02 1.000000e+01 0.000000e+00
-2.685064e-06 6.844177e+02 1.000000e+01 0.000000e+00
-2.655085e-06 8.339045e+02 1.000000e+01 0.000000e+00
-2.625106e-06 1.013790e+03 1.000000e+01 0.000000e+00
-2.595126e-06 1.229749e+03 1.000000e+01 0.000000e+00
-2.565147e-06 1.488407e+03 1.000000e+01 0.000000e+00
-2.535168e-06 1.797478e+03 1.000000e+01 0.000000e+00
-2.505189e-06 2.165919e+03 1.000000e+01 0.000000e+00
-2.475209e-06 2.604100e+03 1.000000e+01 0.000000e+00
-2.445230e-06 3.123990e+03 1.000000e+01 0.000000e+00
-2.415251e-06 3.739369e+03 1.000000e+01 0.000000e+00
-2.385272e-06 4.466052e+03 1.000000e+01 0.000000e+00
-2.355292e-06 5.322135e+03 1.000000e+01 0.000000e+00
-2.325313e-06 6.328266e+03 1.000000e+01 0.000000e+00
-2.295334e-06 7.507931e+03 1.000000e+01 0.000000e+00
-2.265355e-06 8.887763e+03 1.000000e+01 0.000000e+00
-2.235375e-06 1.049788e+04 1.000000e+01 0.000000e+00
-2.205396e-06 1.237220e+04 1.000000e+01 0.000000e+00
-2.175417e-06 1.454888e+04 1.000000e+01 0.000000e+00
-2.145438e-06 1.707059e+04 1.000000e+01 0.000000e+00
-2.115458e-06 1.998500e+04 1.000000e+01 0.000000e+00
-2.085479e-06 2.334515e+04 1.000000e+01 0.000000e+00
-2.055500e-06 2.720983e+04 1.000000e+01 0.000000e+00
-2.025521e-06 3.164403e+04 1.000000e+01 0.000000e+00
-1.995541e-06 3.671929e+04 1.000000e+01 0.000000e+00
-1.965562e-06 4.251416e+04 1.000000e+01 0.000000e+00
-1.935583e-06 4.911448e+04 1.000000e+01 0.000000e+00
-1.905604e-06 5.661379e+04 1.000000e+01 0.000000e+00
-1.875624e-06 6.511359e+04 1.000000e+01 0.000000e+00
-1.845645e-06 7.472359e+04 1.000000e+01 0.000000e+00
-1.815666e-06 8.556192e+04 1.000000e+01 0.000000e+00
-1.785687e-06 9.775524e+04 1.000000e+01 0.000000e+00
-1.755707e-06 1.114388e+05 1.000000e+01 0.000000e+00
-1.725728e-06 1.267562e+05 1.000000e+01 0.000000e+00
-1.695749e-06 1.438596e+05 1.000000e+01 0.000000e+00
-1.665770e-06 1.629090e+05 1.000000e+01 0.000000e+00
-1.635790e-06 1.840722e+05 1.000000e+01 0.000000e+00
-1.605811e-06 2.075238e+05 1.000000e+01 0.000000e+00
-1.575832e-06 2.334448e+05 1.000000e+01 0.000000e+00
-1.545853e-06 2.620218e+05 1.000000e+01 0.000000e+00
-1.515873e-06 2.934453e+05 1.000000e+01 0.000000e+00
-1.485894e-06 3.279093e+05 1.000000e+01 0.000000e+00
-1.455915e-06 3.656091e+05 1.000000e+01 0.000000e+00
-1.425936e-06 4.067401e+05 1.000000e+01 0.000000e+00
-1.395956e-06 4.514957e+05 1.000000e+01 0.000000e+00
-1.365977e-06 5.000656e+05 1.000000e+01 0.000000e+00
-1.335998e-06 5.526333e+05 1.000000e+01 0.000000e+00
-1.306019e-06 6.093738e+05 1.000000e+01 0.000000e+00
-1.276039e-06 6.704514e+05 1.000000e+01 0.000000e+00
-1.246060e-06 7.360163e+05 1.000000e+01 0.000000e+00
-1.216081e-06 8.062028e+05 1.000000e+01 0.000000e+00
-1.186102e-06 8.811258e+05 1.000000e+01 0.000000e+00
-1.156122e-06 9.608779e+05 1.000000e+01 0.000000e+00
-1.126143e-06 1.045527e+06 1.000000e+01 0.000000e+00
-1.096164e-06 1.135112e+06 1.000000e+01 0.000000e+00
-1.066185e-06 1.229644e+06 1.000000e+01 0.000000e+00
-1.036206e-06 1.329096e+06 1.000000e+01 0.000000e+00
-1.006226e-06 1.433409e+06 1.000000e+01 0.000000e+00
-9.762470e-07 1.542484e+06 1.000000e+01 0.000000e+00
-9.462678e-07 1.656181e+06 1.000000e+01 0.000000e+00
-9.162885e-07 1.774320e+06 1.000000e+01 0.000000e+00
-8.863093e-07 1.896673e+06 1.000000e+01 0.000000e+00
-8.563300e-07 2.022972e+06 1.000000e+01 0.000000e+00
-8.263508e-07 2.152900e+06 1.000000e+01 0.000000e+00
-7.963715e-07 2.286096e+06 1.000000e+01 0.000000e+00
-7.663923e-07 2.422155e+06 1.000000e+01 0.000000e+00
-7.364130e-07 2.560626e+06 1.000000e+01 0.000000e+00
-7.064338e-07 2.701015e+06 1.000000e+01 0.000000e+00
-6.764546e-07 2.842788e+06 1.000000e+01 0.000000e+00
-6.464753e-07 2.985374e+06 1.000000e+01 0.000000e+00
-6.164961e-07 3.128166e+06 1.000000e+01 0.000000e+00
-5.865168e-07 3.270524e+06 1.000000e+01 0.000000e+00
-5.565376e-07 3.411786e+06 1.000000e+01 0.000000e+00
-5.265583e-07 3.551263e+06 1.000000e+01 0.000000e+00
-4.965791e-07 3.688252e+06 1.000000e+01 0.000000e+00
-4.665998e-07 3.822039e+06 1.000000e+01 0.000000e+00
-4.366206e-07 3.951903e+06 1.000000e+01 0.000000e+00
-4.066413e-07 4.077126e+06 1.000000e+01 0.000000e+00
-3.766621e-07 4.196998e+06 1.000000e+01 0.000000e+00
-3.466829e-07 4.310821e+06 1.000000e+01 0.000000e+00
-3.167036e-07 4.417922e+06 1.000000e+01 0.000000e+00
-2.867244e-07 4.517652e+06 1.000000e+01 0.000000e+00
-2.567451e-07 4.609397e+06 1.000000e+01 0.000000e+00
-2.267659e-07 4.692586e+06 1.000000e+01 0.000000e+00
-1.967866e-07 4.766692e+06 1.000000e+01 0.000000e+00
-1.668074e-07 4.831240e+06 1.000000e+01 0.000000e+00
-1.368281e-07 4.885813e+06 1.000000e+01 0.000000e+00
-1.068489e-07 4.930055e+06 1.000000e+01 0.000000e+00
-7.686964e-08 4.963675e+06 1.000000e+01 0.000000e+00
-4.689039e-08 4.986453e+06 1.000000e+01 0.000000e+00
-1.691115e-08 4.998236e+06 1.000000e+01 0.000000e+00
1.306810e-08 4.998946e+06 1.000000e+01 0.000000e+00
4.304734e-08 4.988580e+06 1.000000e+01 0.000000e+00
7.302659e-08 4.967205e+06 1.000000e+01 0.000000e+00
1.030058e-07 4.934963e+06 1.000000e+01 0.000000e+00
1.329851e-07 4.892068e+06 1.000000e+01 0.000000e+00
1.629643e-07 4.838801e+06 1.000000e+01 0.000000e+00
1.929436e-07 4.775510e+06 1.000000e+01 0.000000e+00
2.229228e-07 4.702604e+06 1.000000e+01 0.000000e+00
2.529021e-07 4.620551e+06 1.000000e+01 0.000000e+00
2.828813e-07 4.529871e+06 1.000000e+01 0.000000e+00
3.128606e-07 4.431131e+06 1.000000e+01 0.000000e+00
3.428398e-07 4.324940e+06 1.000000e+01 0.000000e+00
3.728190e-07 4.211941e+06 1.000000e+01 0.000000e+00
4.027983e-07 4.092806e+06 1.000000e+01 0.000000e+00
4.327775e-07 3.968230e+06 1.000000e+01 0.000000e+00
4.627568e-07 3.838920e+06 1.000000e+01 0.000000e+00
4.927360e-07 3.705596e+06 1.000000e+01 0.000000e+00
5.227153e-07 3.568978e+06 1.000000e+01 0.000000e+00
5.526945e-07 3.429780e+06 1.000000e+01 0.000000e+00
5.826738e-07 3.288708e+06 1.000000e+01 0.000000e+00
6.126530e-07 3.146453e+06 1.000000e+01 0.000000e+00
6.426323e-07 3.003680e+06 1.000000e+01 0.000000e+00
6.726115e-07 2.861033e+06 1.000000e+01 0.000000e+00
7.025908e-07 2.719123e+06 1.000000e+01 0.000000e+00
7.325700e-07 2.578526e+06 1.000000e+01 0.000000e+00
7.625492e-07 2.439781e+06 1.000000e+01 0.000000e+00
7.925285e-07 2.303387e+06 1.000000e+01 0.000000e+00
8.225077e-07 2.169800e+06 1.000000e+01 0.000000e+00
8.524870e-07 2.039431e+06 1.000000e+01 0.000000e+00
8.824662e-07 1.912649e+06 1.000000e+01 0.000000e+00
9.124455e-07 1.789774e+06 1.000000e+01 0.000000e+00
9.424247e-07 1.671082e+06 1.000000e+01 0.000000e+00
9.724040e-07 1.556804e+06 1.000000e+01 0.000000e+00
1.002383e-06 1.447128e+06 1.000000e+01 0.000000e+00
1.032362e-06 1.342198e+06 1.000000e+01 0.000000e+00
1.062342e-06 1.242118e+06 1.000000e+01 0.000000e+00
1.092321e-06 1.146954e+06 1.000000e+01 0.000000e+00
1.122300e-06 1.056734e+06 1.000000e+01 0.000000e+00
1.152279e-06 9.714543e+05 1.000000e+01 0.000000e+00
1.182259e-06 8.910777e+05 1.000000e+01 0.000000e+00
1.212238e-06 8.155404e+05 1.000000e+01 0.000000e+00
1.242217e-06 7.447527e+05 1.000000e+01 0.000000e+00
1.272196e-06 6.786024e+05 1.000000e+01 0.000000e+00
1.302176e-06 6.169577e+05 1.000000e+01 0.000000e+00
1.332155e-06 5.596701e+05 1.000000e+01 0.000000e+00
1.362134e-06 5.065771e+05 1.000000e+01 0.000000e+00
1.392113e-06 4.575048e+05 1.000000e+01 0.000000e+00
1.422093e-06 4.122707e+05 1.000000e+01 0.000000e+00
1.452072e-06 3.706859e+05 1.000000e+01 0.000000e+00
1.482051e-06 3.325572e+05 1.000000e+01 0.000000e+00
1.512030e-06 2.976893e+05 1.000000e+01 0.000000e+00
1.542010e-06 2.658869e+05 1.000000e+01 0.000000e+00
1.571989e-06 2.369557e+05 1.000000e+01 0.000000e+00
1.601968e-06 2.107047e+05 1.000000e+01 0.000000e+00
1.631947e-06 1.869468e+05 1.000000e+01 0.000000e+00
1.661927e-06 1.655002e+05 1.000000e+01 0.000000e+00
1.691906e-06 1.461893e+05 1.000000e+01 0.000000e+00
1.721885e-06 1.288456e+05 1.000000e+01 0.000000e+00
1.751864e-06 1.133079e+05 1.000000e+01 0.000000e+00
1.781844e-06 9.942312e+04 1.000000e+01 0.000000e+00
1.811823e-06 8.704652e+04 1.000000e+01 0.000000e+00
1.841802e-06 7.604175e+04 1.000000e+01 0.000000e+00
1.871781e-06 6.628106e+04 1.000000e+01 0.000000e+00
1.901761e-06 5.764525e+04 1.000000e+01 0.000000e+00
1.931740e-06 5.002353e+04 1.000000e+01 0.000000e+00
1.961719e-06 4.331336e+04 1.000000e+01 0.000000e+00
1.991698e-06 3.742020e+04 1.000000e+01 0.000000e+00
2.021678e-06 3.225722e+04 1.000000e+01 0.000000e+00
2.051657e-06 2.774499e+04 1.000000e+01 0.000000e+00
2.081636e-06 2.381107e+04 1.000000e+01 0.000000e+00
2.111615e-06 2.038966e+04 1.000000e+01 0.000000e+00
2.141595e-06 1.742118e+04 1.000000e+01 0.000000e+00
2.171574e-06 1.485190e+04 1.000000e+01 0.000000e+00
2.201553e-06 1.263349e+04 1.000000e+01 0.000000e+00
2.231532e-06 1.072262e+04 1.000000e+01 0.000000e+00
2.261512e-06 9.080623e+03 1.000000e+01 0.000000e+00
2.291491e-06 7.673030e+03 1.000000e+01 0.000000e+00
2.321470e-06 6.469263e+03 1.000000e+01 0.000000e+00
2.351449e-06 5.442262e+03 1.000000e+01 0.000000e+00
2.381429e-06 4.568155e+03 1.000000e+01 0.000000e+00
2.411408e-06 3.825947e+03 1.000000e+01 0.000000e+00
2.441387e-06 3.197228e+03 1.000000e+01 0.000000e+00
2.471366e-06 2.665908e+03 1.000000e+01 0.000000e+00
2.501345e-06 2.217958e+03 1.000000e+01 0.000000e+00
2.531325e-06 1.841188e+03 1.000000e+01 0.000000e+00
2.561304e-06 1.525035e+03 1.000000e+01 0.000000e+00
2.591283e-06 1.260370e+03 1.000000e+01 0.000000e+00
2.621262e-06 1.039329e+03 1.000000e+01 0.000000e+00
2.651242e-06 8.551548e+02 1.000000e+01 0.000000e+00
2.681221e-06 7.020583e+02 1.000000e+01 0.000000e+00
2.711200e-06 5.750932e+02 1.000000e+01 0.000000e+00
2.741179e-06 4.700457e+02 1.000000e+01 0.000000e+00
2.771159e-06 3.833351e+02 1.000000e+01 0.000000e+00
2.801138e-06 3.119276e+02 1.000000e+01 0.000000e+00
2.831117e-06 2.532595e+02 1.000000e+01 0.000000e+00
2.861096e-06 2.051702e+02 1.000000e+01 0.000000e+00
2.891076e-06 1.658440e+02 1.000000e+01 0.000000e+00
2.921055e-06 1.337586e+02 1.000000e+01 0.000000e+00
2.951034e-06 1.076417e+02 1.000000e+01 0.000000e+00
2.981013e-06 8.643226e+01 1.000000e+01 0.000000e+00
3.010993e-06 6.924813e+01 1.000000e+01 0.000000e+00
3.040972e-06 5.535755e+01 1.000000e+01 0.000000e+00
3.070951e-06 4.415526e+01 1.000000e+01 0.000000e+00
3.100930e-06 3.514185e+01 1.000000e+01 0.000000e+00
3.130910e-06 2.790639e+01 1.000000e+01 0.000000e+00
3.160889e-06 2.211156e+01 1.000000e+01 0.000000e+00
3.190868e-06 1.748122e+01 1.000000e+01 0.000000e+00
3.220847e-06 1.378989e+01 1.000000e+01 0.000000e+00
3.250827e-06 1.085392e+01 1.000000e+01 0.000000e+00
3.280806e-06 8.524109e+00 1.000000e+01 0.000000e+00
3.310785e-06 6.679565e+00 1.000000e+01 0.000000e+00
3.340764e-06 5.222568e+00 1.000000e+01 0.000000e+00
3.370744e-06 4.074334e+00 1.000000e+01 0.000000e+00
3.400723e-06 3.171509e+00 1.000000e+01 0.000000e+00
3.430702e-06 2.463270e+00 1.000000e+01 0.000000e+00
3.460681e-06 1.908950e+00 1.000000e+01 0.000000e+00
3.490661e-06 1.476094e+00 1.000000e+01 0.000000e+00
3.520640e-06 1.138860e+00 1.000000e+01 0.000000e+00
3.550619e-06 8.767242e-01 1.000000e+01 0.000000e+00
3.580598e-06 6.734301e-01 1.000000e+01 0.000000e+00
3.610578e-06 5.161296e-01 1.000000e+01 0.000000e+00
3.640557e-06 3.946950e-01 1.000000e+01 0.000000e+00
3.670536e-06 3.011628e-01 1.000000e+01 0.000000e+00
3.700515e-06 2.292861e-01 1.000000e+01 0.000000e+00
3.730495e-06 1.741769e-01 1.000000e+01 0.000000e+00
3.760474e-06 1.320202e-01 1.000000e+01 0.000000e+00
3.790453e-06 9.984513e-02 1.000000e+01 0.000000e+00
3.820432e-06 7.534423e-02 1.000000e+01 0.000000e+00
3.850412e-06 5.672962e-02 1.000000e+01 0.000000e+00
3.880391e-06 4.261931e-02 1.000000e+01 0.000000e+00
3.910370e-06 3.194771e-02 1.000000e+01 0.000000e+00
3.940349e-06 2.389515e-02 1.000000e+01 0.000000e+00
3.970329e-06 1.783267e-02 1.000000e+01 0.000000e+00
4.000308e-06 1.327883e-02 1.000000e+01 0.000000e+00
4.030287e-06 9.865970e-03 1.000000e+01 0.000000e+00
4.060266e-06 7.314028e-03 1.000000e+01 0.000000e+00
4.090246e-06 5.410160e-03 1.000000e+01 0.000000e+00
4.120225e-06 3.993009e-03 1.000000e+01 0.000000e+00
4.150204e-06 2.940541e-03 1.000000e+01 0.000000e+00
4.180183e-06 2.160682e-03 1.000000e+01 0.000000e+00
4.210163e-06 1.584131e-03 1.000000e+01 0.000000e+00
4.240142e-06 1.158852e-03 1.000000e+01 0.000000e+00
4.270121e-06 8.458664e-04 1.000000e+01 0.000000e+00
4.300100e-06 6.160447e-04 1.000000e+01 0.000000e+00
4.330079e-06 4.476714e-04 1.000000e+01 0.000000e+00
4.360059e-06 3.245960e-04 1.000000e+01 0.000000e+00
4.390038e-06 2.348355e-04 1.000000e+01 0.000000e+00
4.420017e-06 1.695200e-04 1.000000e+01 0.000000e+00
4.449996e-06 1.220998e-04 1.000000e+01 0.000000e+00
4.479976e-06 8.774967e-05 1.000000e+01 0.000000e+00
4.509955e-06 6.292350e-05 1.000000e+01 0.000000e+00
4.539934e-06 4.502118e-05 1.000000e+01 0.000000e+00
4.569913e-06 3.214087e-05 1.000000e+01 0.000000e+00
4.599893e-06 2.289471e-05 1.000000e+01 0.000000e+00
4.629872e-06 1.627231e-05 1.000000e+01 0.000000e+00
4.659851e-06 1.153985e-05 1.000000e+01 0.000000e+00
4.689830e-06 8.165592e-06 1.000000e+01 0.000000e+00
4.719810e-06 5.765168e-06 1.000000e+01 0.000000e+00
4.749789e-06 4.061374e-06 1.000000e+01 0.000000e+00
4.779768e-06 2.854767e-06 1.000000e+01 0.000000e+00
4.809747e-06 2.002189e-06 1.000000e+01 0.000000e+00
4.839727e-06 1.401122e-06 1.000000e+01 0.000000e+00
4.869706e-06 9.783267e-07 1.000000e+01 0.000000e+00
4.899685e-06 6.815981e-07 1.000000e+01 0.000000e+00
4.929664e-06 4.738159e-07 1.000000e+01 0.000000e+00
4.959644e-06 3.286453e-07 1.000000e+01 0.000000e+00
4.989623e-06 2.274480e-07 1.000000e+01 0.000000e+00
5.019602e-06 1.570628e-07 1.000000e+01 0.000000e+00
5.049581e-06 1.082185e-07 1.000000e+01 0.000000e+00
5.079561e-06 7.439884e-08 1.000000e+01 0.000000e+00
5.109540e-06 5.103494e-08 1.000000e+01 0.000000e+00
5.139519e-06 3.493057e-08 1.000000e+01 0.000000e+00
5.169498e-06 2.385506e-08 1.000000e+01 0.000000e+00
5.199478e-06 1.625519e-08 1.000000e+01 0.000000e+00
5.229457e-06 1.105199e-08 1.000000e+01 0.000000e+00
5.259436e-06 7.497652e-09 1.000000e+01 0.000000e+00
5.289415e-06 5.075127e-09 1.000000e+01 0.000000e+00
5.319395e-06 3.427719e-09 1.000000e+01 0.000000e+00
5.349374e-06 2.309938e-09 1.000000e+01 0.000000e+00
5.379353e-06 1.553217e-09 1.000000e+01 0.000000e+00
5.409332e-06 1.042079e-09 1.000000e+01 0.000000e+00
5.439312e-06 6.975988e-10 1.000000e+01 0.000000e+00
5.469291e-06 4.659589e-10 1.000000e+01 0.000000e+00
5.499270e-06 3.105462e-10 1.000000e+01 0.000000e+00
5.529249e-06 2.065102e-10 1.000000e+01 0.000000e+00
5.559229e-06 1.370230e-10 1.000000e+01 0.000000e+00
5.589208e-06 9.071563e-11 1.000000e+01 0.000000e+00
5.619187e-06 5.992493e-11 1.000000e+01 0.000000e+00
5.649166e-06 3.949750e-11 1.000000e+01 0.000000e+00
5.679146e-06 2.597577e-11 1.000000e+01 0.000000e+00
5.709125e-06 1.704527e-11 1.000000e+01 0.000000e+00
5.739104e-06 1.116031e-11 1.000000e+01 0.000000e+00
5.769083e-06 7.290965e-12 1.000000e+01 0.000000e+00
5.799063e-06 4.752593e-12 1.000000e+01 0.000000e+00
5.829042e-06 3.091099e-12 1.000000e+01 0.000000e+00
5.859021e-06 2.006005e-12 1.000000e+01 0.000000e+00
5.889000e-06 1.298936e-12 1.000000e+01 0.000000e+00
5.918980e-06 8.392284e-13 1.000000e+01 0.000000e+00
5.948959e-06 5.410150e-13 1.000000e+01 0.000000e+00
5.978938e-06 3.479967e-13 1.000000e+01 0.000000e+00
6.008917e-06 2.233458e-13 1.000000e+01 0.000000e+00
6.038897e-06 1.430266e-13 1.000000e+01 0.000000e+00
6.068876e-06 9.138878e-14 1.000000e+01 0.000000e+00
6.098855e-06 5.826471e-14 1.000000e+01 0.000000e+00
6.128834e-06 3.706422e-14 1.000000e+01 0.000000e+00
6.158813e-06 2.352561e-14 1.000000e+01 0.000000e+00
6.188793e-06 1.489923e-14 1.000000e+01 0.000000e+00
6.218772e-06 9.415063e-15 1.000000e+01 0.000000e+00
6.248751e-06 5.936349e-15 1.000000e+01 0.000000e+00
6.278730e-06 3.734670e-15 1.000000e+01 0.000000e+00
6.308710e-06 2.344347e-15 1.000000e+01 0.000000e+00
6.338689e-06 1.468345e-15 1.000000e+01 0.000000e+00
6.368668e-06 9.176375e-16 1.000000e+01 0.000000e+00
6.398647e-06 5.722039e-16 1.000000e+01 0.000000e+00
6.428627e-06 3.560141e-16 1.000000e+01 0.000000e+00
6.458606e-06 2.210143e-16 1.000000e+01 0.000000e+00
6.488585e-06 1.369021e-16 1.000000e+01 0.000000e+00
6.518564e-06 8.461292e-17 1.000000e+01 0.000000e+00
6.548544e-06 5.217950e-17 1.000000e+01 0.000000e+00
6.578523e-06 3.210701e-17 1.000000e+01 0.000000e+00
6.608502e-06 1.971226e-17 1.000000e+01 0.000000e+00
6.638481e-06 1.207563e-17 1.000000e+01 0.000000e+00
6.668461e-06 7.381078e-18 1.000000e+01 0.000000e+00
6.698440e-06 4.501596e-18 1.000000e+01 0.000000e+00
6.728419e-06 2.739366e-18 1.000000e+01 0.000000e+00
6.758398e-06 1.663298e-18 1.000000e+01 0.000000e+00
6.788378e-06 1.007690e-18 1.000000e+01 0.000000e+00
6.818357e-06 6.091448e-19 1.000000e+01 0.000000e+00
6.848336e-06 3.674098e-19 1.000000e+01 0.000000e+00
6.878315e-06 2.211148e-19 1.000000e+01 0.000000e+00
6.908295e-06 1.327766e-19 1.000000e+01 0.000000e+00
6.938274e-06 7.955396e-20 1.000000e+01 0.000000e+00
6.968253e-06 4.755967e-20 1.000000e+01 0.000000e+00
6.998232e-06 2.836956e-20 1.000000e+01 0.000000e+00
7.028212e-06 1.688508e-20 1.000000e+01 0.000000e+00
7.058191e-06 1.002745e-20 1.000000e+01 0.000000e+00
7.088170e-06 5.941748e-21 1.000000e+01 0.000000e+00
7.118149e-06 3.512973e-21 1.000000e+01 0.000000e+00
7.148129e-06 2.072393e-21 1.000000e+01 0.000000e+00
7.178108e-06 1.219849e-21 1.000000e+01 0.000000e+00
7.208087e-06 7.164350e-22 1.000000e+01 0.000000e+00
7.238066e-06 4.198404e-22 1.000000e+01 0.000000e+00
7.268046e-06 2.454869e-22 1.000000e+01 0.000000e+00
7.298025e-06 1.432218e-22 1.000000e+01 0.000000e+00
7.328004e-06 8.337324e-23 1.000000e+01 0.000000e+00
7.357983e-06 4.842626e-23 1.000000e+01 0.000000e+00
7.387963e-06 2.806544e-23 1.000000e+01 0.000000e+00
7.417942e-06 1.622929e-23 1.000000e+01 0.000000e+00
7.447921e-06 9.364052e-24 1.000000e+01 0.000000e+00
7.477900e-06 5.390944e-24 1.000000e+01 0.000000e+00
7.507880e-06 3.096725e-24 1.000000e+01 0.000000e+00
7.537859e-06 1.774913e-24 1.000000e+01 0.000000e+00
7.567838e-06 1.015052e-24 1.000000e+01 0.000000e+00
7.597817e-06 5.792100e-25 1.000000e+01 0.000000e+00
7.627797e-06 3.297772e-25 1.000000e+01 0.000000e+00
7.657776e-06 1.873449e-25 1.000000e+01 0.000000e+00
7.687755e-06 1.061940e-25 1.000000e+01 0.000000e+00
7.717734e-06 6.006127e-26 1.000000e+01 0.000000e+00
7.747714e-06 3.389424e-26 1.000000e+01 0.000000e+00
7.777693e-06 1.908508e-26 1.000000e+01 0.000000e+00
7.807672e-06 1.072257e-26 1.000000e+01 0.000000e+00
7.837651e-06 6.010910e-27 1.000000e+01 0.000000e+00
7.867630e-06 3.362161e-27 1.000000e+01 0.000000e+00
7.897610e-06 1.876434e-27 1.000000e+01 0.000000e+00
7.927589e-06 1.044925e-27 1.000000e+01 0.000000e+00
7.957568e-06 5.805950e-28 1.000000e+01 0.000000e+00
7.987547e-06 3.218832e-28 1.000000e+01 0.000000e+00
8.017527e-06 1.780574e-28 1.000000e+01 0.000000e+00
8.047506e-06 9.827847e-29 1.000000e+01 0.000000e+00
8.077485e-06 5.412445e-29 1.000000e+01 0.000000e+00
8.107464e-06 2.974167e-29 1.000000e+01 0.000000e+00
8.137444e-06 1.630699e-29 1.000000e+01 0.000000e+00
8.167423e-06 8.921114e-30 1.000000e+01 0.000000e+00
8.197402e-06 4.869687e-30 1.000000e+01 0.000000e+00
8.227381e-06 2.652282e-30 1.000000e+01 0.000000e+00
8.257361e-06 1.441369e-30 1.000000e+01 0.000000e+00
8.287340e-06 7.815686e-31 1.000000e+01 0.000000e+00
8.317319e-06 4.228593e-31 1.000000e+01 0.000000e+00
8.347298e-06 2.282766e-31 1.000000e+01 0.000000e+00
8.377278e-06 1.229599e-31 1.000000e+01 0.000000e+00
8.407257e-06 6.608491e-32 1.000000e+01 0.000000e+00
8.437236e-06 3.543871e-32 1.000000e+01 0.000000e+00
8.467215e-06 1.896226e-32 1.000000e+01 0.000000e+00
8.497195e-06 1.012370e-32 1.000000e+01 0.000000e+00
8.527174e-06 5.392931e-33 1.000000e+01 0.000000e+00
8.557153e-06 2.866469e-33 1.000000e+01 0.000000e+00
8.587132e-06 1.520220e-33 1.000000e+01 0.000000e+00
8.617112e-06 8.044557e-34 1.000000e+01 0.000000e+00
8.647091e-06 4.247512e-34 1.000000e+01 0.000000e+00
8.677070e-06 2.237710e-34 1.000000e+01 0.000000e+00
8.707049e-06 1.176277e-34 1.000000e+01 0.000000e+00
8.737029e-06 6.169534e-35 1.000000e+01 0.000000e+00
8.767008e-06 3.228729e-35 1.000000e+01 0.000000e+00
8.796987e-06 1.685962e-35 1.000000e+01 0.000000e+00
8.826966e-06 8.784163e-36 1.000000e+01 0.000000e+00
8.856946e-06 4.566567e-36 1.000000e+01 0.000000e+00
8.886925e-06 2.368732e-36 1.000000e+01 0.000000e+00
8.916904e-06 1.225967e-36 1.000000e+01 0.000000e+00
8.946883e-06 6.331088e-37 1.000000e+01 0.000000e+00
8.976863e-06 3.262230e-37 1.000000e+01 0.000000e+00
9.006842e-06 1.677210e-37 1.000000e+01 0.000000e+00
9.036821e-06 8.603936e-38 1.000000e+01 0.000000e+00
9.066800e-06 4.403961e-38 1.000000e+01 0.000000e+00
9.096780e-06 2.249192e-38 1.000000e+01 0.000000e+00
9.126759e-06 1.146163e-38 1.000000e+01 0.000000e+00
9.156738e-06 5.827775e-39 1.000000e+01 0.000000e+00
9.186717e-06 2.956623e-39 1.000000e+01 0.000000e+00
9.216697e-06 1.496669e-39 1.000000e+01 0.000000e+00
9.246676e-06 7.559489e-40 1.000000e+01 0.000000e+00
9.276655e-06 3.809743e-40 1.000000e+01 0.000000e+00
9.306634e-06 1.915736e-40 1.000000e+01 0.000000e+00
9.336614e-06 9.611970e-41 1.000000e+01 0.000000e+00
9.366593e-06 4.812002e-41 1.000000e+01 0.000000e+00
9.396572e-06 2.403676e-41 1.000000e+01 0.000000e+00
9.426551e-06 1.198016e-41 1.000000e+01 0.000000e+00
9.456531e-06 5.957804e-42 1.000000e+01 0.000000e+00
9.486510e-06 2.956286e-42 1.000000e+01 0.000000e+00
9.516489e-06 1.463670e-42 1.000000e+01 0.000000e+00
9.546468e-06 7.230643e-43 1.000000e+01 0.000000e+00
9.576448e-06 3.564078e-43 1.000000e+01 0.000000e+00
9.606427e-06 1.752888e-43 1.000000e+01 0.000000e+00
9.636406e-06 8.601972e-44 1.000000e+01 0.000000e+00
9.666385e-06 4.211904e-44 1.000000e+01 0.000000e+00
9.696364e-06 2.057764e-44 1.000000e+01 0.000000e+00
9.726344e-06 1.003112e-44 1.000000e+01 0.000000e+00
9.756323e-06 4.879103e-45 1.000000e+01 0.000000e+00
9.786302e-06 2.367921e-45 1.000000e+01 0.000000e+00
9.816281e-06 1.146651e-45 1.000000e+01 0.000000e+00
9.846261e-06 5.540282e-46 1.000000e+01 0.000000e+00
9.876240e-06 2.670971e-46 1.000000e+01 0.000000e+00
9.906219e-06 1.284823e-46 1.000000e+01 0.000000e+00
9.936198e-06 6.166717e-47 1.000000e+01 0.000000e+00
9.966178e-06 2.953259e-47 1.000000e+01 0.000000e+00
9.996157e-06 1.411191e-47 1.000000e+01 0.000000e+00
